,Unnamed: 0,9788079989
0,0205616461,-0.002242800879241
1,0558925278,-0.003173388101125
2,0733001998,-0.002242800879241
3,0737104473,-0.002242800879241
4,0762451459,-0.002242800879241
5,1304139212,-0.002242800879241
6,1304139220,-0.002242800879241
7,130414089X,-0.002242800879241
8,130414643X,-0.0038885394561103
9,1304146537,-0.002242800879241
10,130414674X,-0.002242800879241
11,1304168522,-0.003173388101125
12,1304174778,-0.003173388101125
13,1304174867,-0.003173388101125
14,1304174905,-0.002242800879241
15,1304196046,-0.002242800879241
16,1304196062,-0.002242800879241
17,1304196070,-0.002242800879241
18,1304196135,-0.003173388101125
19,1304351475,-0.0090393229728318
20,1304482596,-0.003173388101125
21,1304482634,-0.002242800879241
22,1304482685,-0.0055075176141767
23,1304488608,-0.002242800879241
24,1304495396,-0.0038885394561103
25,1304511073,-0.0038885394561103
26,1304511081,-0.0038885394561103
27,1304511111,-0.0038885394561103
28,130451112X,-0.002242800879241
29,1304511138,-0.0038885394561103
30,1304511146,-0.003173388101125
31,1304511154,-0.003173388101125
32,1304622193,-0.003173388101125
33,1304622223,-0.002242800879241
34,1304622428,-0.003173388101125
35,1304622452,-0.002242800879241
36,1304622460,-0.002242800879241
37,1304622622,-0.0038885394561103
38,1304622657,-0.0044923521035479
39,1304622665,-0.002242800879241
40,1304624498,-0.003173388101125
41,1304624544,-0.0038885394561103
42,1304651029,-0.003173388101125
43,1304651088,-0.002242800879241
44,130465110X,-0.002242800879241
45,1304651118,-0.002242800879241
46,1304651347,-0.002242800879241
47,1304665704,-0.002242800879241
48,1304665720,-0.0038885394561103
49,130466578X,-0.002242800879241
50,1403790965,-0.0074760407264762
51,1412759676,-0.0055075176141767
52,1451646526,-0.002242800879241
53,1457982633,-0.002242800879241
54,1572671203,-0.0044923521035479
55,1879187396,-0.002242800879241
56,1906987238,-0.002242800879241
57,1929099886,-0.002242800879241
58,1987958179,-0.002242800879241
59,3222000565,-0.0038885394561103
60,322700075X,-0.002242800879241
61,3227001055,-0.0038885394561103
62,3227001381,-0.0113511838625109
63,3292000971,-0.0038885394561103
64,3423470476,-0.002242800879241
65,360211600X,-0.003173388101125
66,4057362797,-0.002242800879241
67,4057362843,-0.002242800879241
68,4057362886,-0.002242800879241
69,4057362894,-0.003173388101125
70,4057362967,-0.002242800879241
71,4057363823,-0.003173388101125
72,4057368825,-0.0038885394561103
73,4057553908,-0.003173388101125
74,5297000963,-0.003173388101125
75,5357954771,-0.0044923521035479
76,535795531X,-0.0078124205283529
77,535795545X,-0.0059517935381894
78,5357955743,-0.002242800879241
79,5357955751,-0.002242800879241
80,5357955786,-0.0044923521035479
81,5357955832,-0.002242800879241
82,5357955867,-0.0050251256281407
83,5357955905,-0.0044923521035479
84,5357955948,-0.0074760407264762
85,5357955972,-0.002242800879241
86,5357956014,-0.002242800879241
87,5357956111,-0.0055075176141767
88,5357956227,-0.003173388101125
89,6022600685,-0.0055075176141767
90,602260074X,-0.008747842920314
91,6022600790,-0.0067555060813384
92,6022600804,-0.002242800879241
93,6022600812,-0.0059517935381894
94,6040652705,-0.002242800879241
95,6041134473,-0.0038885394561103
96,604113449X,-0.0055075176141767
97,6041134511,-0.003173388101125
98,6053640972,-0.002242800879241
99,6117036094,-0.002242800879241
100,6117043058,-0.002242800879241
101,6152000416,-0.003173388101125
102,6162071103,-0.0038885394561103
103,6162751473,-0.0038885394561103
104,6165151329,-0.002242800879241
105,6165290582,-0.0044923521035479
106,6167061580,-0.003173388101125
107,6169040335,-0.002242800879241
108,6175005570,-0.002242800879241
109,6175005589,-0.002242800879241
110,711901871X,-0.0038885394561103
111,7535842801,-0.0093222589745728
112,753865058X,-0.002242800879241
113,7539914718,-0.002242800879241
114,7800558258,-0.003173388101125
115,7806397051,-0.0135003126805057
116,7842953384,-0.003173388101125
117,7883527428,-0.002242800879241
118,7883633309,-0.002242800879241
119,788522323X,-0.002242800879241
120,7885223639,-0.002242800879241
121,7899120217,-0.002242800879241
122,7899123011,-0.0074760407264762
123,8072222120,-0.002242800879241
124,8096398741,-0.002242800879241
125,8096398768,-0.002242800879241
126,8096399322,-0.008747842920314
127,8279995404,-0.002242800879241
128,8329000710,-0.0038885394561103
129,832900094X,-0.002242800879241
130,8329001008,-0.002242800879241
131,8430539387,-0.003173388101125
132,8805002860,-0.002242800879241
133,8901110814,-0.0055075176141767
134,8901134322,-0.003173388101125
135,8934903716,-0.002242800879241
136,897677244X,-0.002242800879241
137,8982641262,-0.003173388101125
138,8997092219,-0.002242800879241
139,9029300388,-0.002242800879241
140,9502737628,-0.002242800879241
141,9509369934,-0.002242800879241
142,9510213861,-0.002242800879241
143,9511181564,-0.0063659411463313
144,9511181572,-0.002242800879241
145,951311290X,-0.002242800879241
146,9571044822,-0.003173388101125
147,9573086514,-0.002242800879241
148,9573215926,-0.002242800879241
149,9575295714,-0.002242800879241
150,957696718X,-0.002242800879241
151,9601403787,-0.003173388101125
152,9601403825,-0.003173388101125
153,9601420347,-0.003173388101125
154,9602344954,-0.002242800879241
155,9602617918,-0.0038885394561103
156,9605406446,-0.003173388101125
157,9623541902,-0.002242800879241
158,9628982370,-0.003173388101125
159,9740200133,-0.003173388101125
160,9742126046,-0.002242800879241
161,9742189889,-0.003173388101125
162,9742496811,-0.0055075176141767
163,974383785X,-0.002242800879241
164,9744287233,-0.002242800879241
165,9744434139,-0.002242800879241
166,9745340936,-0.002242800879241
167,9745343412,-0.002242800879241
168,974619187X,-0.0078124205283529
169,9746427962,-0.0146573712003364
170,9747842297,-0.0044923521035479
171,9748668525,-0.002242800879241
172,9748776093,-0.0098654240753355
173,974935706X,-0.002242800879241
174,9749377397,-0.0063659411463313
175,9749513444,-0.002242800879241
176,9756518006,-0.003173388101125
177,9756518081,-0.003173388101125
178,9758086243,-0.002242800879241
179,9759091062,-0.0144699770043308
180,9788071074,-0.0050251256281407
181,9788071139,-0.0044923521035479
182,9788071163,-0.002242800879241
183,9788071171,-0.002242800879241
184,978807118X,-0.002242800879241
185,9788071198,-0.0136989157661137
186,978807121X,-0.0059517935381894
187,9788071260,-0.0078124205283529
188,9788071465,-0.002242800879241
189,9788071511,-0.002242800879241
190,9788071538,-0.003173388101125
191,9788071554,-0.002242800879241
192,9788071570,-0.0044923521035479
193,9788071597,-0.0081355433138157
194,9788071813,-0.008747842920314
195,9788071848,-0.002242800879241
196,9788071856,-0.002242800879241
197,9788072097,-0.0071245241755989
198,9788072100,-0.0063659411463313
199,9788072119,-0.0084469324697219
200,9788072208,-0.0093222589745728
201,9788072216,-0.0132991644749457
202,9788072283,-0.002242800879241
203,9788072305,-0.0055075176141767
204,9788072348,-0.0038885394561103
205,9788072372,-0.002242800879241
206,9788072453,-0.003173388101125
207,978807247X,-0.0078124205283529
208,9788072488,-0.002242800879241
209,978807250X,-0.0074760407264762
210,9788072569,-0.0063659411463313
211,978807278X,-0.002242800879241
212,9788072828,-0.002242800879241
213,9788072895,-0.0050251256281407
214,9788072976,-0.002242800879241
215,9788072992,-0.002242800879241
216,978807314X,-0.002242800879241
217,9788073239,-0.002242800879241
218,9788073247,-0.002242800879241
219,9788073263,-0.0038885394561103
220,978807328X,-0.002242800879241
221,9788073328,-0.002242800879241
222,9788073409,-0.0101268743572619
223,9788073417,-0.0050251256281407
224,9788073476,-0.0084469324697219
225,9788073484,-0.003173388101125
226,9788073492,-0.002242800879241
227,9788073514,-0.0055075176141767
228,9788073565,-0.003173388101125
229,9788073840,-0.0101268743572619
230,9788073859,-0.0050251256281407
231,9788073883,-0.002242800879241
232,9788074049,-0.002242800879241
233,9788074286,-0.0059517935381894
234,9788074359,-0.0078124205283529
235,9788074367,-0.002242800879241
236,9788074405,-0.002242800879241
237,9788074421,-0.0050251256281407
238,9788074553,-0.002242800879241
239,9788074995,-0.002242800879241
240,9788075363,-0.002242800879241
241,9788075509,-0.002242800879241
242,9788075584,-0.002242800879241
243,9788075622,-0.0044923521035479
244,9788075630,-0.003173388101125
245,9788075649,-0.002242800879241
246,9788075681,-0.002242800879241
247,978807572X,-0.002242800879241
248,9788076025,-0.002242800879241
249,9788076203,-0.002242800879241
250,9788077021,-0.002242800879241
251,9788077315,-0.002242800879241
252,9788077382,-0.002242800879241
253,9788077625,-0.002242800879241
254,9788077927,-0.002242800879241
255,978807801X,-0.002242800879241
256,9788078389,-0.002242800879241
257,9788078885,-0.003173388101125
258,9788078893,-0.002242800879241
259,9788078907,-0.002242800879241
260,978807894X,-0.0050251256281407
261,9788079067,-0.002242800879241
262,9788079970,-0.003173388101125
263,9788079989,1.0
264,9788080227,-0.002242800879241
265,9788080278,-0.002242800879241
266,978808043X,-0.002242800879241
267,9788080626,-0.003173388101125
268,9788080634,-0.002242800879241
269,9788080669,-0.002242800879241
270,9788080685,-0.002242800879241
271,9788080855,-0.003173388101125
272,9788080901,-0.002242800879241
273,9788080928,-0.0055075176141767
274,9788081053,-0.0050251256281407
275,9789820615,-0.0038885394561103
276,978982064X,-0.002242800879241
277,979077012X,-0.002242800879241
278,9790770138,-0.002242800879241
279,9790770154,-0.003173388101125
280,9790770308,-0.002242800879241
281,9790770391,-0.0038885394561103
282,9790770561,-0.003173388101125
283,9790770758,-0.003173388101125
284,9790770790,-0.003173388101125
285,9790770839,-0.002242800879241
286,9790770871,-0.0038885394561103
287,9790770898,0.0
288,9790770944,0.0
289,9790770995,0.0
290,9790771002,0.0
291,9790771010,0.0
292,9790771339,0.0
293,9790771347,0.0
294,9790771401,0.0
295,9790771444,0.0
296,9790771479,0.0
297,9790771517,0.0
298,9790771568,0.0
299,9790771584,0.0
300,9790771614,0.0
301,9790771762,0.0
302,9790771916,0.0
303,9790771983,0.0
304,9790772009,0.0
305,9790772238,0.0
306,9790772289,0.0
307,9790772564,0.0
308,9790772645,0.0
309,979077267X,0.0
310,9790773145,0.0
311,9790773161,0.0
312,9790773412,0.0
313,9790773455,0.0
314,9790773463,0.0
315,979077348X,0.0
316,9790773587,0.0
317,9790773609,0.0
318,979077365X,0.0
319,9790773668,0.0
320,9790773676,0.0
321,9790773730,0.0
322,9790773749,0.0
323,9790773870,0.0
324,9790774060,0.0
325,9790774389,0.0
326,9790774397,0.0
327,9790774443,0.0
328,9790774516,0.0
329,979077480X,0.0
330,9790774842,0.0
331,9790774907,0.0
332,9790775024,0.0
333,9790775156,0.0
334,9790775253,0.0
335,9790775261,0.0
336,9790775288,0.0
337,979077530X,0.0
338,9790775571,0.0
339,9790775741,0.0
340,9790775989,0.0
341,9790776098,0.0
342,9790776144,0.0
343,9790776209,0.0
344,9790776241,0.0
345,979077625X,0.0
346,9790776292,0.0
347,9790776349,0.0
348,9790776381,0.0
349,9790776403,0.0
350,9790776489,0.0
351,9790776691,0.0
352,9790776810,0.0
353,9790776942,0.0
354,9790776977,0.0
355,9790777019,0.0
356,9790777272,0.0
357,9790777396,0.0
358,9790777450,0.0
359,9790777884,0.0
360,9790777949,0.0
361,9790777981,0.0
362,9790778236,0.0
363,9790778260,0.0
364,9790778309,0.0
365,9790778554,0.0
366,9790778619,0.0
367,9790778740,0.0
368,9790778872,0.0
369,9790779062,0.0
370,9790779070,0.0
371,9790779097,0.0
372,9790779283,0.0
373,9790779291,0.0
374,9790779399,0.0
375,9790779755,0.0
376,9790779798,0.0
377,9790779925,0.0
378,979077995X,0.0
379,9790779968,-0.002242800879241
380,9790779976,0.0
381,9790780001,0.0
382,9790780117,0.0
383,9790780400,0.0
384,9790780516,0.0
385,9790780532,0.0
386,9790780567,0.0
387,9790780621,0.0
388,9790780753,0.0
389,9790780788,0.0
390,9790781016,0.0
391,9790781075,0.0
392,9790781105,0.0
393,9790781210,0.0
394,979078127X,-0.002242800879241
395,9790781369,0.0
396,9790781512,0.0
397,9790781687,-0.002242800879241
398,9790781849,0.0
399,9790781911,0.0
400,9790781946,0.0
401,9790782047,0.0
402,9790782055,0.0
403,979078208X,0.0
404,9790782152,0.0
405,9790782306,0.0
406,9790782314,0.0
407,9790782365,0.0
408,9790782381,0.0
409,9790782594,0.0
410,9790782667,0.0
411,9790782780,0.0
412,9790782918,0.0
413,9790782942,0.0
414,9790782950,0.0
415,9790782969,0.0
416,9790782977,0.0
417,9790782985,0.0
418,9790783167,0.0
419,9790783388,0.0
420,9790783531,0.0
421,979078354X,0.0
422,9790783647,0.0
423,979078368X,0.0
424,979078371X,0.0
425,9790783728,0.0
426,9790783760,0.0
427,9790783779,0.0
428,9790783809,0.0
429,9790783825,0.0
430,9790784120,0.0
431,9790784414,0.0
432,9790784570,0.0
433,9790784848,0.0
434,9790784856,0.0
435,9790785232,0.0
436,9790785240,0.0
437,9790785356,0.0
438,9790785410,0.0
439,9790785682,0.0
440,9790785755,0.0
441,9790785828,0.0
442,9790786069,0.0
443,9790786077,0.0
444,9790786328,0.0
445,9790786522,0.0
446,9790786557,0.0
447,9790786727,0.0
448,9790786794,0.0
449,9790786875,0.0
450,9790786948,0.0
451,9790786964,0.0
452,9790787006,0.0
453,9790787049,0.0
454,9790787286,0.0
455,9790787294,0.0
456,9790787308,0.0
457,9790787383,0.0
458,9790787510,0.0
459,9790787626,0.0
460,9790787707,0.0
461,9790787839,0.0
462,9790787863,0.0
463,9790787928,0.0
464,9790787936,0.0
465,9790787952,0.0
466,9790788002,0.0
467,9790788185,0.0
468,9790788207,0.0
469,9790788495,0.0
470,9790788584,0.0
471,9790788614,0.0
472,9790788711,0.0
473,9790788770,0.0
474,9790788991,0.0
475,9790789033,0.0
476,9790789157,0.0
477,9790789203,0.0
478,979078922X,0.0
479,9790789270,0.0
480,9790789297,0.0
481,9790789343,0.0
482,9790789351,0.0
483,9790789432,0.0
484,9790789513,0.0
485,979078953X,0.0
486,9790789556,0.0
487,9790789564,0.0
488,9790789688,0.0
489,9790789696,0.0
490,9790789726,0.0
491,9790789831,0.0
492,9790789858,0.0
493,9790789890,0.0
494,9790789939,0.0
495,9790790074,0.0
496,979079021X,0.0
497,9790790341,0.0
498,979079035X,-0.002242800879241
499,9790790392,-0.002242800879241
500,979079052X,0.0
501,9790790783,0.0
502,9790790813,0.0
503,9790790880,0.0
504,9790790961,0.0
505,9790790988,0.0
506,9790790996,0.0
507,9790791038,0.0
508,9790791054,0.0
509,9790791100,0.0
510,9790791224,0.0
511,9790791240,0.0
512,9790791402,0.0
513,979079147X,0.0
514,9790791526,0.0
515,979079178X,0.0
516,9790791798,0.0
517,9790791968,0.0
518,9790791984,0.0
519,9790792115,0.0
520,9790792190,0.0
521,9790792204,0.0
522,9790792220,0.0
523,9790792271,0.0
524,9790792476,0.0
525,9790792557,0.0
526,9790792573,0.0
527,9790792646,0.0
528,9790792719,0.0
529,9790792808,0.0
530,9790792824,0.0
531,9790792891,0.0
532,9790793014,0.0
533,9790793030,0.0
534,9790793073,0.0
535,9790793111,0.0
536,9790793227,0.0
537,979079326X,0.0
538,9790793294,0.0
539,9790793626,0.0
540,9790793782,0.0
541,9790793839,0.0
542,9790793871,0.0
543,9790794010,0.0
544,979079410X,0.0
545,9790794207,0.0
546,9790794223,0.0
547,9790794231,0.0
548,9790794258,0.0
549,9790794282,0.0
550,9790794363,0.0
551,9790794495,0.0
552,9790794509,0.0
553,979079455X,0.0
554,9790794614,0.0
555,9790794665,0.0
556,9790794800,0.0
557,9790794827,0.0
558,9790794843,0.0
559,9790794851,0.0
560,9790794991,0.0
561,9790795076,0.0
562,9790795084,0.0
563,9790795114,0.0
564,9790795157,0.0
565,9790795351,0.0
566,9790795416,0.0
567,9790795424,0.0
568,9790795602,0.0
569,9790795661,0.0
570,979079567X,0.0
571,979079570X,0.0
572,9790795823,0.0
573,9790796234,0.0
574,9790796293,0.0
575,979079634X,0.0
576,979079651X,0.0
577,9790796609,0.0
578,9790796684,0.0
579,9790796722,0.0
580,9790796943,0.0
581,9790797079,0.0
582,9790797397,0.0
583,9790797567,0.0
584,9790797710,0.0
585,9790797818,0.0
586,9790797885,0.0
587,9790798075,0.0
588,9790798261,0.0
589,9790798288,0.0
590,979079830X,0.0
591,9790798326,0.0
592,9790798393,0.0
593,9790798512,0.0
594,979079858X,0.0
595,9790798695,0.0
596,9790798873,0.0
597,9790798881,0.0
598,9790798911,0.0
599,9790798954,0.0
600,9790798962,0.0
601,9790799020,0.0
602,9790799055,0.0
603,9790799136,0.0
604,9790799233,0.0
605,9790799349,0.0
606,9790799365,0.0
607,9790799551,0.0
608,9790799659,0.0
609,9790799705,0.0
610,9790799764,0.0
611,9790799780,0.0
612,9790799799,0.0
613,9790799829,0.0
614,9790800126,0.0
615,9790800525,0.0
616,9790800568,0.0
617,9790800851,0.0
618,9790800916,0.0
619,9790801076,0.0
620,9790801084,0.0
621,9790801106,0.0
622,9790801149,0.0
623,9790801211,0.0
624,9790801297,0.0
625,9790801483,0.0
626,9790801491,0.0
627,9790801505,0.0
628,979080153X,0.0
629,9790801556,0.0
630,9790801637,0.0
631,9790801645,0.0
632,9832114276,0.0
633,9839215019,0.0
634,9839215027,0.0
635,9839215051,0.0
636,9866010503,0.0
637,9866379841,0.0
638,9879870743,0.0
639,987987076X,0.0
640,9895514042,0.0
641,9896009651,0.0
642,9944260118,0.0
643,9944260630,0.0
644,B000000VP5,0.0
645,B000000Z3C,0.0
646,B0000014DT,0.0
647,B000001H8T,0.0
648,B000001K4R,0.0
649,B000001SH8,0.0
650,B0000020TR,0.0
651,B00000270K,0.0
652,B00000374R,0.0
653,B000005A4M,0.0
654,B000005G46,0.0
655,B000005J5M,0.0
656,B000005J9Q,0.0
657,B000005L8T,0.0
658,B000005LJT,0.0
659,B000005SIP,0.0
660,B000005Z5L,0.0
661,B0000065GY,0.0
662,B000006A6H,0.0
663,B000006J86,0.0
664,B00000744O,0.0
665,B000007T5X,0.0
666,B000007X34,0.0
667,B000007XHG,0.0
668,B000009LPL,0.0
669,B00000G2HU,0.0
670,B00000IAI4,0.0
671,B00000IR6P,0.0
672,B00000JGVX,0.0
673,B00000JGVY,0.0
674,B00000JK0Q,0.0
675,B00001ZTKL,0.0
676,B00001ZTL0,0.0
677,B000023YFO,0.0
678,B000024BMM,0.0
679,B000024L6H,0.0
680,B000024M5R,0.0
681,B000024Z42,0.0
682,B000025034,0.0
683,B0000254D3,0.0
684,B000025MVI,0.0
685,B000025RRS,0.0
686,B000026BTH,0.0
687,B000026G2H,0.0
688,B000027S8A,0.0
689,B000027U8N,0.0
690,B000027WL0,0.0
691,B0000280M8,0.0
692,B0000281UM,0.0
693,B00002NBTA,0.0
694,B00002R140,0.0
695,B00002Z77V,0.0
696,B000031WBK,0.0
697,B00003Z9V7,0.0
698,B00004S6H9,0.0
699,B00004S7M6,0.0
700,B00004SASL,0.0
701,B00004SV5J,0.0
702,B00004TMFE,0.0
703,B00004TMOK,0.0
704,B00004TUBL,0.0
705,B00004TUBV,0.0
706,B00004TVGG,0.0
707,B00004TVH2,0.0
708,B00004TZYD,0.0
709,B00004U002,0.0
710,B00004U9UY,0.0
711,B00004U9V2,0.0
712,B00004VBMM,0.0
713,B00004VYKH,0.0
714,B00004WFUZ,0.0
715,B00004XRY5,0.0
716,B000050ASF,0.0
717,B000050ASG,0.0
718,B000050B6R,0.0
719,B000050B6U,-0.002242800879241
720,B000050B6X,0.0
721,B000050B75,0.0
722,B000050B76,0.0
723,B000050FER,0.0
724,B000050FES,0.0
725,B000050FET,0.0
726,B000050FEV,0.0
727,B000050RO8,0.0
728,B000051XYY,0.0
729,B0000523I9,0.0
730,B000052WWR,-0.002242800879241
731,B000052WY7,0.0
732,B000052WYD,0.0
733,B000052WYL,0.0
734,B000052WYN,0.0
735,B000052WZ7,0.0
736,B000052X9G,0.0
737,B000052XEG,0.0
738,B000052XI0,0.0
739,B000052XIA,0.0
740,B000052XOT,0.0
741,B000052XQK,0.0
742,B000052XR0,0.0
743,B000052XR3,0.0
744,B000052XR5,0.0
745,B000052XV5,0.0
746,B000052XVB,0.0
747,B000052XW5,0.0
748,B000052XYB,0.0
749,B000052XYE,0.0
750,B000052XYH,0.0
751,B000052XYQ,0.0
752,B000052XYZ,0.0
753,B000052XZ0,0.0
754,B000052XZP,-0.003173388101125
755,B000052XZQ,0.0
756,B000052XZX,0.0
757,B000052Y0B,0.0
758,B000052Y0C,0.0
759,B000052Y0I,0.0
760,B000052Y0S,0.0
761,B000052Y0U,0.0
762,B000052Y0Y,0.0
763,B000052Y1M,0.0
764,B000052Y1Q,0.0
765,B000052Y1R,0.0
766,B000052Y21,0.0
767,B000052Y23,0.0
768,B000052Y25,0.0
769,B000052Y28,0.0
770,B000052Y2A,0.0
771,B000052Y2F,0.0
772,B000052Y2G,0.0
773,B000052Y2H,0.0
774,B000052Y2K,-0.002242800879241
775,B000052Y2W,0.0
776,B000052Y2X,0.0
777,B000052Y31,0.0
778,B000052Y33,0.0
779,B000052Y3V,0.0
780,B000052Y43,0.0
781,B000052Y5F,0.0
782,B000052Y68,0.0
783,B000052Y6H,0.0
784,B000052Y6I,0.0
785,B000052Y6K,0.0
786,B000052Y6L,0.0
787,B000052Y6M,0.0
788,B000052Y6R,0.0
789,B000052Y6V,0.0
790,B000052Y6Z,0.0
791,B000052YDH,0.0
792,B000052YE1,0.0
793,B000052YFY,0.0
794,B000052YGB,0.0
795,B000052YGS,0.0
796,B000052YH3,0.0
797,B000052YI1,0.0
798,B000052YIE,0.0
799,B000052YJA,0.0
800,B000052YJB,0.0
801,B000052YJC,0.0
802,B000052YJD,0.0
803,B000052YJE,0.0
804,B000052YJF,0.0
805,B000052YJG,0.0
806,B000052YJH,0.0
807,B000052YJK,0.0
808,B000052YJM,0.0
809,B000052YJN,0.0
810,B000052YJS,0.0
811,B000052YJU,0.0
812,B000052YJX,0.0
813,B000052YJY,0.0
814,B000052YK2,0.0
815,B000052YKG,0.0
816,B000052YKI,0.0
817,B000052YKM,0.0
818,B000052YKS,0.0
819,B000052YKT,0.0
820,B000052YKU,0.0
821,B000052YKY,0.0
822,B000052YL0,0.0
823,B000052YL1,0.0
824,B000052YLE,0.0
825,B000052YLF,0.0
826,B000052YLL,0.0
827,B000052YLS,0.0
828,B000052YLU,0.0
829,B000052YLW,0.0
830,B000052YLX,0.0
831,B000052YM0,0.0
832,B000052YM3,0.0
833,B000052YM4,0.0
834,B000052YM7,-0.0038885394561103
835,B000052YM8,0.0
836,B000052YME,0.0
837,B000052YMF,0.0
838,B000052YMG,0.0
839,B000052YMH,0.0
840,B000052YMM,0.0
841,B000052YMO,0.0
842,B000052YMQ,0.0
843,B000052YMR,0.0
844,B000052YMS,0.0
845,B000052YMT,0.0
846,B000052YMU,0.0
847,B000052YMV,0.0
848,B000052YMX,0.0
849,B000052YN5,0.0
850,B000052YN6,0.0
851,B000052YN7,0.0
852,B000052YN9,0.0
853,B000052YNA,0.0
854,B000052YNB,0.0
855,B000052YNE,0.0
856,B000052YOC,0.0
857,B000052YOG,0.0
858,B000052YOL,-0.002242800879241
859,B000052YOM,0.0
860,B000052YOQ,0.0
861,B000052YOR,0.0
862,B000052YOS,0.0
863,B000052YOT,0.0
864,B000052YOU,0.0
865,B000052YOV,0.0
866,B000052YOX,0.0
867,B000052YOY,0.0
868,B000052YOZ,0.0
869,B000052YP0,0.0
870,B000052YP1,0.0
871,B000052YP3,0.0
872,B000052YP4,0.0
873,B000052YP6,0.0
874,B000052YP9,0.0
875,B000052YPC,0.0
876,B000052YPE,0.0
877,B000052YPF,0.0
878,B000052YPG,0.0
879,B000052YPH,0.0
880,B000052YPM,0.0
881,B000052YPU,0.0
882,B000052YPV,0.0
883,B000052YPY,0.0
884,B000052YQ0,0.0
885,B000052YQ2,0.0
886,B000052YQ3,0.0
887,B000052YQK,0.0
888,B000052YQL,0.0
889,B000052YQN,0.0
890,B000052YQQ,0.0
891,B000052YQR,0.0
892,B000052YQU,0.0
893,B000052YQV,0.0
894,B000052YQY,0.0
895,B000052YRB,0.0
896,B000052YRK,0.0
897,B000052Z5B,0.0
898,B000052Z5H,0.0
899,B000052Z5L,0.0
900,B000052Z5M,0.0
901,B000052Z89,0.0
902,B000052Z8B,0.0
903,B000052Z8D,0.0
904,B000052Z8E,0.0
905,B000052Z8M,0.0
906,B000052Z8N,0.0
907,B000052Z8P,0.0
908,B000052Z8S,0.0
909,B000052Z8Y,0.0
910,B000052Z91,0.0
911,B000052Z9B,0.0
912,B000052Z9C,0.0
913,B000052Z9F,0.0
914,B000052ZA0,0.0
915,B000052ZA2,0.0
916,B000052ZAU,0.0
917,B000052ZAX,0.0
918,B000052ZAY,0.0
919,B000052ZB1,0.0
920,B000052ZB2,0.0
921,B000052ZB4,0.0
922,B000052ZB7,0.0
923,B000052ZBB,0.0
924,B000052ZBD,0.0
925,B000052ZBH,-0.002242800879241
926,B000052ZBO,0.0
927,B000052ZBP,0.0
928,B000052ZEG,0.0
929,B000052ZEH,0.0
930,B000052ZEI,0.0
931,B000052ZEK,0.0
932,B000052ZEO,0.0
933,B000052ZEQ,0.0
934,B000052ZEU,0.0
935,B000052ZJF,0.0
936,B000052ZMF,0.0
937,B000052ZNE,0.0
938,B000052ZNF,0.0
939,B000052ZNG,0.0
940,B000052ZNT,0.0
941,B000052ZOT,0.0
942,B000052ZSI,0.0
943,B000052ZSS,0.0
944,B000052ZTY,-0.002242800879241
945,B00005300N,0.0
946,B00005300O,0.0
947,B00005300R,0.0
948,B000053027,0.0
949,B00005302B,0.0
950,B00005302E,0.0
951,B00005302F,0.0
952,B00005302J,0.0
953,B00005302M,0.0
954,B00005302T,0.0
955,B00005302X,0.0
956,B000053031,0.0
957,B000053033,0.0
958,B000053037,0.0
959,B000053038,0.0
960,B00005303A,0.0
961,B00005303C,0.0
962,B00005303E,0.0
963,B00005303F,0.0
964,B00005303P,0.0
965,B00005303R,0.0
966,B00005303T,0.0
967,B00005303U,0.0
968,B000053040,0.0
969,B00005304H,0.0
970,B00005304L,0.0
971,B00005304R,-0.002242800879241
972,B000053056,0.0
973,B000053057,0.0
974,B00005306O,0.0
975,B000053071,0.0
976,B00005308B,0.0
977,B00005308K,0.0
978,B00005308X,0.0
979,B0000530B2,0.0
980,B0000530CC,0.0
981,B0000530ED,-0.002242800879241
982,B0000530EV,0.0
983,B0000530EZ,0.0
984,B0000530FF,0.0
985,B0000530FN,0.0
986,B0000530G3,0.0
987,B0000530G6,0.0
988,B0000530GS,0.0
989,B0000530GT,0.0
990,B0000530H0,0.0
991,B0000530I0,0.0
992,B0000530I5,0.0
993,B0000530I6,0.0
994,B0000530I7,0.0
995,B0000530II,0.0
996,B0000530IQ,0.0
997,B0000530KT,0.0
998,B0000530LL,0.0
999,B0000530LO,0.0
1000,B0000530LP,0.0
1001,B0000530LV,0.0
1002,B0000530LX,0.0
1003,B0000530M0,0.0
1004,B0000530M9,0.0
1005,B0000530MA,0.0
1006,B0000530MB,0.0
1007,B0000530MG,0.0
1008,B0000530MH,0.0
1009,B0000530NA,0.0
1010,B0000530ND,0.0
1011,B0000530NF,0.0
1012,B0000530NG,0.0
1013,B0000530NK,0.0
1014,B0000530O2,0.0
1015,B0000530O3,0.0
1016,B0000530O6,0.0
1017,B0000530O9,0.0
1018,B0000530OK,0.0
1019,B0000530OW,0.0
1020,B0000530P0,0.0
1021,B0000530P9,0.0
1022,B0000530PB,0.0
1023,B0000530U0,0.0
1024,B00005317Z,0.0
1025,B0000531C9,0.0
1026,B0000531F8,0.0
1027,B0000531F9,0.0
1028,B0000531FC,0.0
1029,B0000531G0,0.0
1030,B0000531GD,0.0
1031,B0000531GK,0.0
1032,B0000531GV,0.0
1033,B0000531H1,0.0
1034,B0000531H2,0.0
1035,B0000531HF,0.0
1036,B0000531HL,0.0
1037,B0000531HM,0.0
1038,B0000531HS,0.0
1039,B0000531ID,0.0
1040,B0000531II,0.0
1041,B0000531IM,0.0
1042,B0000531KK,0.0
1043,B0000531KM,0.0
1044,B0000531KW,0.0
1045,B0000531LB,0.0
1046,B0000531M1,0.0
1047,B0000531M3,0.0
1048,B0000531M8,0.0
1049,B0000531M9,0.0
1050,B0000531ML,0.0
1051,B0000531N1,0.0
1052,B0000531N8,0.0
1053,B0000531NP,0.0
1054,B0000531NQ,0.0
1055,B0000531NR,0.0
1056,B0000531NU,0.0
1057,B0000531NX,0.0
1058,B0000531P6,0.0
1059,B0000531PI,0.0
1060,B0000531PJ,0.0
1061,B0000531QP,0.0
1062,B0000531RF,0.0
1063,B0000531SE,0.0
1064,B0000531SW,0.0
1065,B0000531TA,0.0
1066,B0000531UL,0.0
1067,B0000531VG,0.0
1068,B0000531VY,0.0
1069,B0000531VZ,0.0
1070,B0000531W9,0.0
1071,B0000531WB,0.0
1072,B0000531WD,0.0
1073,B0000531WE,0.0
1074,B0000531WL,0.0
1075,B0000531WM,0.0
1076,B0000531WZ,0.0
1077,B0000531X0,0.0
1078,B0000531XR,0.0
1079,B0000531XS,0.0
1080,B0000531XW,0.0
1081,B0000531Y7,0.0
1082,B0000531Y8,0.0
1083,B0000531YC,0.0
1084,B0000531YI,-0.002242800879241
1085,B00005320H,0.0
1086,B00005320M,0.0
1087,B00005321X,0.0
1088,B00005321Y,0.0
1089,B00005321Z,0.0
1090,B00005322A,0.0
1091,B00005322E,0.0
1092,B00005322G,0.0
1093,B00005322H,0.0
1094,B00005322I,0.0
1095,B00005323F,0.0
1096,B00005323Y,0.0
1097,B00005324B,0.0
1098,B00005324U,0.0
1099,B00005328C,0.0
1100,B00005328N,0.0
1101,B000053290,0.0
1102,B00005329I,0.0
1103,B0000532A3,0.0
1104,B0000532A5,0.0
1105,B0000532A6,0.0
1106,B0000532AC,0.0
1107,B0000532AE,0.0
1108,B0000532AL,0.0
1109,B0000532AN,0.0
1110,B0000532I0,0.0
1111,B0000532JA,0.0
1112,B0000532JK,0.0
1113,B0000532KF,0.0
1114,B0000532KI,0.0
1115,B0000532OD,0.0
1116,B0000532QT,0.0
1117,B0000532TW,0.0
1118,B0000532VP,0.0
1119,B0000532VQ,0.0
1120,B0000532VS,0.0
1121,B0000532VT,0.0
1122,B0000532XP,0.0
1123,B0000532XV,0.0
1124,B0000532XX,0.0
1125,B0000532Y3,0.0
1126,B0000532YN,0.0
1127,B0000532YP,0.0
1128,B0000532YS,0.0
1129,B0000532YW,0.0
1130,B0000532YX,0.0
1131,B0000532Z0,0.0
1132,B0000532Z1,0.0
1133,B0000532Z4,0.0
1134,B0000532ZI,0.0
1135,B0000532ZL,0.0
1136,B00005331A,0.0
1137,B00005331J,0.0
1138,B00005331N,0.0
1139,B00005331Y,0.0
1140,B00005331Z,0.0
1141,B000053320,0.0
1142,B000053321,0.0
1143,B00005333G,0.0
1144,B00005333H,0.0
1145,B00005333I,0.0
1146,B00005333J,0.0
1147,B00005334Z,0.0
1148,B00005336V,0.0
1149,B00005336W,0.0
1150,B000053375,0.0
1151,B000053376,0.0
1152,B000053377,0.0
1153,B00005337D,0.0
1154,B00005337I,0.0
1155,B00005337Q,0.0
1156,B00005337S,0.0
1157,B00005337Z,0.0
1158,B000053389,0.0
1159,B0000533CC,0.0
1160,B0000533FV,0.0
1161,B0000533G8,0.0
1162,B0000533G9,0.0
1163,B000053495,0.0
1164,B000053498,0.0
1165,B0000534VO,0.0
1166,B00005354D,0.0
1167,B00005355W,0.0
1168,B0000535AW,0.0
1169,B0000535B4,0.0
1170,B0000535BD,0.0
1171,B0000535CH,0.0
1172,B0000535EM,0.0
1173,B0000535EO,0.0
1174,B0000535OF,0.0
1175,B0000535QU,0.0
1176,B0000535QX,0.0
1177,B0000535RA,0.0
1178,B0000535RB,0.0
1179,B0000535RC,0.0
1180,B0000535RD,0.0
1181,B0000535RS,0.0
1182,B0000535RW,0.0
1183,B0000535RY,0.0
1184,B0000535SB,0.0
1185,B0000535SE,0.0
1186,B0000535SF,0.0
1187,B0000535SP,0.0
1188,B0000535SQ,0.0
1189,B0000535SR,0.0
1190,B0000535T4,0.0
1191,B0000535TF,0.0
1192,B0000535TN,0.0
1193,B0000535U2,0.0
1194,B0000535UA,0.0
1195,B0000535UB,0.0
1196,B0000535UM,0.0
1197,B0000535UN,0.0
1198,B0000535UT,0.0
1199,B0000535UX,0.0
1200,B0000535UY,0.0
1201,B0000535UZ,0.0
1202,B0000535V0,0.0
1203,B0000535V2,0.0
1204,B0000535VH,0.0
1205,B0000535VQ,0.0
1206,B0000535YK,0.0
1207,B00005360J,0.0
1208,B00005360M,0.0
1209,B00005360N,0.0
1210,B00005360R,0.0
1211,B00005360V,0.0
1212,B00005360X,0.0
1213,B00005365L,0.0
1214,B00005365N,0.0
1215,B00005366X,0.0
1216,B00005366Y,0.0
1217,B000053671,0.0
1218,B000053673,0.0
1219,B000053674,0.0
1220,B000053676,0.0
1221,B000053677,0.0
1222,B000053679,0.0
1223,B00005367B,0.0
1224,B00005368X,0.0
1225,B000053691,0.0
1226,B00005369O,0.0
1227,B0000536A3,-0.002242800879241
1228,B0000536AR,0.0
1229,B0000536AZ,0.0
1230,B0000536EK,0.0
1231,B0000536EW,0.0
1232,B0000536EY,0.0
1233,B0000536F0,0.0
1234,B0000536F1,0.0
1235,B0000536I0,-0.002242800879241
1236,B0000536M2,0.0
1237,B0000536M3,0.0
1238,B0000536M4,0.0
1239,B0000536OW,0.0
1240,B0000536P3,-0.002242800879241
1241,B0000536P4,0.0
1242,B0000536P8,0.0
1243,B0000536PC,0.0
1244,B0000536PD,0.0
1245,B0000536QT,0.0
1246,B0000536Y0,0.0
1247,B0000536Y1,0.0
1248,B0000536Y4,0.0
1249,B0000536YG,0.0
1250,B00005371A,0.0
1251,B00005373H,0.0
1252,B00005373I,0.0
1253,B00005375C,0.0
1254,B00005375E,0.0
1255,B00005376E,0.0
1256,B00005376Y,0.0
1257,B000053772,0.0
1258,B000053775,0.0
1259,B00005377H,0.0
1260,B00005377J,0.0
1261,B00005377T,0.0
1262,B000053797,0.0
1263,B0000537A6,0.0
1264,B0000537HB,0.0
1265,B0000537HZ,0.0
1266,B0000537IO,0.0
1267,B0000537JK,0.0
1268,B0000537JL,0.0
1269,B0000537KO,0.0
1270,B0000537KP,0.0
1271,B0000537N4,0.0
1272,B0000537N5,0.0
1273,B0000537NH,0.0
1274,B0000537NK,0.0
1275,B0000537NM,0.0
1276,B0000537NR,0.0
1277,B0000537NV,0.0
1278,B0000537S0,0.0
1279,B0000537S1,0.0
1280,B0000537S2,0.0
1281,B0000537S5,0.0
1282,B0000537SC,0.0
1283,B0000537SD,0.0
1284,B0000537SV,0.0
1285,B0000537SZ,0.0
1286,B0000537T3,0.0
1287,B0000537VR,0.0
1288,B0000537VZ,0.0
1289,B0000537W4,0.0
1290,B0000537Y7,0.0
1291,B00005384R,0.0
1292,B00005386Q,0.0
1293,B00005386R,0.0
1294,B000053878,0.0
1295,B0000538B0,0.0
1296,B000053L55,0.0
1297,B000053L5V,0.0
1298,B000053L5W,0.0
1299,B000053L60,0.0
1300,B000053L66,0.0
1301,B000053L68,0.0
1302,B000053L6W,-0.002242800879241
1303,B00005426X,0.0
1304,B00005427T,0.0
1305,B0000542QP,0.0
1306,B0000549ZU,0.0
1307,B000054P4U,0.0
1308,B000054P6A,0.0
1309,B000054P6B,0.0
1310,B000054P6C,0.0
1311,B000055Z3C,0.0
1312,B0000560OD,0.0
1313,B000056CN5,0.0
1314,B000056EYY,0.0
1315,B000056I7M,0.0
1316,B000056I89,0.0
1317,B000056JPJ,0.0
1318,B000056JPK,0.0
1319,B000056KK0,0.0
1320,B000056OWV,0.0
1321,B000056W5Y,0.0
1322,B000056W71,0.0
1323,B000056W74,0.0
1324,B0000589KY,0.0
1325,B0000589KZ,0.0
1326,B0000589L2,0.0
1327,B0000589L3,0.0
1328,B0000589YB,0.0
1329,B000058ALK,0.0
1330,B000058E4E,0.0
1331,B000059GDC,0.0
1332,B000059MCH,0.0
1333,B000059RU9,0.0
1334,B000059XS5,0.0
1335,B00005A1Q5,0.0
1336,B00005A3GJ,0.0
1337,B00005A43S,0.0
1338,B00005A43T,0.0
1339,B00005A43U,0.0
1340,B00005A43V,0.0
1341,B00005A43X,0.0
1342,B00005A43Y,0.0
1343,B00005A440,0.0
1344,B00005A442,0.0
1345,B00005A443,0.0
1346,B00005A444,0.0
1347,B00005A445,0.0
1348,B00005A448,0.0
1349,B00005A77A,0.0
1350,B00005A77B,0.0
1351,B00005A77D,0.0
1352,B00005A77F,0.0
1353,B00005A77G,0.0
1354,B00005A9ND,0.0
1355,B00005A9WP,-0.002242800879241
1356,B00005AFBG,0.0
1357,B00005AFBH,0.0
1358,B00005AFBO,0.0
1359,B00005AR7E,0.0
1360,B00005AUVX,0.0
1361,B00005AUVY,0.0
1362,B00005AUW1,0.0
1363,B00005AUW2,0.0
1364,B00005AVC7,0.0
1365,B00005AW82,0.0
1366,B00005AXHO,0.0
1367,B00005B0AE,0.0
1368,B00005B0AF,0.0
1369,B00005B0AI,0.0
1370,B00005B12D,0.0
1371,B00005B12Q,0.0
1372,B00005B2PY,0.0
1373,B00005B2Q5,0.0
1374,B00005B503,0.0
1375,B00005B5DI,0.0
1376,B00005B6ZC,0.0
1377,B00005B6ZR,0.0
1378,B00005B6ZS,0.0
1379,B00005B6ZU,0.0
1380,B00005B6ZZ,0.0
1381,B00005B700,0.0
1382,B00005B701,0.0
1383,B00005B703,0.0
1384,B00005B9FV,0.0
1385,B00005B9G0,0.0
1386,B00005BHR1,0.0
1387,B00005BHRE,0.0
1388,B00005BJ8X,0.0
1389,B00005BJ91,0.0
1390,B00005BL1R,0.0
1391,B00005BLRH,0.0
1392,B00005BWXD,0.0
1393,B00005CDRP,0.0
1394,B00005CDRY,0.0
1395,B00005CDS5,0.0
1396,B00005CDS7,0.0
1397,B00005CDS9,0.0
1398,B00005CDSB,0.0
1399,B00005CDSC,0.0
1400,B00005CDSF,0.0
1401,B00005CDSG,0.0
1402,B00005CDSH,0.0
1403,B00005CDSL,0.0
1404,B00005CDSO,0.0
1405,B00005CDSP,0.0
1406,B00005CDSS,0.0
1407,B00005CDT1,0.0
1408,B00005IA50,0.0
1409,B00005IA51,0.0
1410,B00005IA52,0.0
1411,B00005IBW0,0.0
1412,B00005J3BB,0.0
1413,B00005J3BP,0.0
1414,B00005J6QS,0.0
1415,B00005J8D5,0.0
1416,B00005J8D6,0.0
1417,B00005J8DK,0.0
1418,B00005JD3M,0.0
1419,B00005JG0J,0.0
1420,B00005JHWB,0.0
1421,B00005JHWM,0.0
1422,B00005JHXG,0.0
1423,B00005JJ8T,0.0
1424,B00005JS58,0.0
1425,B00005JTW9,0.0
1426,B00005JTWA,0.0
1427,B00005K9CL,0.0
1428,B00005K9DM,0.0
1429,B00005KCN1,0.0
1430,B00005KHG1,0.0
1431,B00005LAA2,0.0
1432,B00005LAA7,0.0
1433,B00005LAAJ,0.0
1434,B00005LBRR,0.0
1435,B00005LBRS,0.0
1436,B00005LBRT,-0.002242800879241
1437,B00005LBRX,0.0
1438,B00005LJDE,0.0
1439,B00005LOHD,0.0
1440,B00005LOHI,0.0
1441,B00005LOHJ,0.0
1442,B00005LOHM,0.0
1443,B00005LOHO,0.0
1444,B00005LOHR,0.0
1445,B00005LOHT,0.0
1446,B00005LZM8,0.0
1447,B00005LZMA,0.0
1448,B00005LZPK,0.0
1449,B00005LZQ5,0.0
1450,B00005M1VY,0.0
1451,B00005M1W2,0.0
1452,B00005M1W7,0.0
1453,B00005MA7L,0.0
1454,B00005MA7O,0.0
1455,B00005N9BR,0.0
1456,B00005NAOD,0.0
1457,B00005NAOJ,0.0
1458,B00005NAPA,0.0
1459,B00005NAPK,0.0
1460,B00005NASR,0.0
1461,B00005NATS,0.0
1462,B00005NATT,0.0
1463,B00005NAU0,0.0
1464,B00005NAVG,0.0
1465,B00005NAVI,0.0
1466,B00005NAVJ,0.0
1467,B00005NAZI,0.0
1468,B00005NBG5,0.0
1469,B00005NBG8,0.0
1470,B00005ND0S,0.0
1471,B00005NDTD,0.0
1472,B00005NDTE,0.0
1473,B00005NFBD,0.0
1474,B00005NFBE,-0.002242800879241
1475,B00005NFBJ,0.0
1476,B00005NFC5,0.0
1477,B00005NFV7,0.0
1478,B00005NHF7,0.0
1479,B00005NHF9,0.0
1480,B00005NHFD,0.0
1481,B00005NHFG,0.0
1482,B00005NJ6O,0.0
1483,B00005NJ6S,0.0
1484,B00005NJ7C,0.0
1485,B00005NQB6,0.0
1486,B00005NQB7,0.0
1487,B00005NVG5,0.0
1488,B00005NWSO,0.0
1489,B00005NWSP,0.0
1490,B00005NWXV,0.0
1491,B00005NWXX,0.0
1492,B00005NZAR,0.0
1493,B00005NZD7,0.0
1494,B00005O0MY,0.0
1495,B00005O0MZ,0.0
1496,B00005O0N6,0.0
1497,B00005OAA6,0.0
1498,B00005OM26,0.0
1499,B00005OM2G,0.0
1500,B00005OM2J,0.0
1501,B00005OM2L,0.0
1502,B00005OM2M,0.0
1503,B00005Q2UK,0.0
1504,B00005Q2UL,0.0
1505,B00005QCSR,0.0
1506,B00005QEWJ,0.0
1507,B00005QIOX,0.0
1508,B00005QT2I,0.0
1509,B00005QT2J,0.0
1510,B00005R1GL,0.0
1511,B00005R1H2,0.0
1512,B00005R1H3,0.0
1513,B00005R1H4,-0.002242800879241
1514,B00005RE9P,0.0
1515,B00005RE9X,0.0
1516,B00005REAK,0.0
1517,B00005REAQ,-0.002242800879241
1518,B00005REAT,0.0
1519,B00005REAV,0.0
1520,B00005REAW,0.0
1521,B00005REB0,0.0
1522,B00005REB3,0.0
1523,B00005REBE,0.0
1524,B00005RFPV,0.0
1525,B00005RFTE,0.0
1526,B00005RG3D,0.0
1527,B00005RGQH,0.0
1528,B00005RGQL,0.0
1529,B00005RHES,0.0
1530,B00005RHEV,0.0
1531,B00005RI8D,0.0
1532,B00005RRY0,0.0
1533,B00005RV5Z,0.0
1534,B00005S81T,0.0
1535,B00005T7CX,0.0
1536,B00005T7D0,0.0
1537,B00005T7D1,0.0
1538,B00005T83D,0.0
1539,B00005TP3U,0.0
1540,B00005TT7U,0.0
1541,B00005TT7V,0.0
1542,B00005TZU8,0.0
1543,B00005U8WQ,0.0
1544,B00005U8WS,0.0
1545,B00005UF3C,0.0
1546,B00005UFEL,0.0
1547,B00005UFEQ,0.0
1548,B00005UFET,0.0
1549,B00005UN90,0.0
1550,B00005UN92,0.0
1551,B00005UN93,0.0
1552,B00005UP28,0.0
1553,B00005UQSP,-0.002242800879241
1554,B00005UVD4,0.0
1555,B00005V283,0.0
1556,B00005V33L,0.0
1557,B00005V5OQ,0.0
1558,B00005V5OR,0.0
1559,B00005V5OT,0.0
1560,B00005V5OU,0.0
1561,B00005V5OV,0.0
1562,B00005V5OW,0.0
1563,B00005V5OY,0.0
1564,B00005V5P4,0.0
1565,B00005V5P5,0.0
1566,B00005V5P6,0.0
1567,B00005V61K,0.0
1568,B00005V61L,0.0
1569,B00005V9TI,0.0
1570,B00005V9TR,0.0
1571,B00005V9TS,0.0
1572,B00005Y1V4,0.0
1573,B00005Y2CL,0.0
1574,B00005Y3YR,0.0
1575,B00005Y4S0,0.0
1576,B00005Y4S2,0.0
1577,B00005Y4S3,0.0
1578,B00005YIMG,0.0
1579,B00005YU0D,0.0
1580,B000060K41,0.0
1581,B000062R6J,0.0
1582,B000062U5D,0.0
1583,B000062WTK,0.0
1584,B000062WUK,0.0
1585,B000062WUL,0.0
1586,B000062YBI,0.0
1587,B0000632AF,0.0
1588,B0000632EE,0.0
1589,B0000632EG,0.0
1590,B0000632EJ,0.0
1591,B0000632EN,0.0
1592,B00006347A,0.0
1593,B00006347C,0.0
1594,B00006347E,0.0
1595,B00006347F,0.0
1596,B0000636YL,0.0
1597,B0000636YM,0.0
1598,B0000636YN,0.0
1599,B0000636YP,0.0
1600,B0000636YQ,0.0
1601,B00006372R,0.0
1602,B0000638X3,0.0
1603,B0000638XJ,0.0
1604,B0000638XY,0.0
1605,B0000638XZ,0.0
1606,B000063D0A,0.0
1607,B000063D0N,0.0
1608,B000063JDP,0.0
1609,B000063JDQ,0.0
1610,B000063JE2,0.0
1611,B000063JE5,0.0
1612,B000063JE7,0.0
1613,B000063JEB,0.0
1614,B000063JEC,0.0
1615,B000063JED,0.0
1616,B000063JEE,0.0
1617,B000063JEH,0.0
1618,B000063SM8,0.0
1619,B000063T48,0.0
1620,B000063TL2,0.0
1621,B000063WTU,0.0
1622,B000063WTZ,0.0
1623,B000063WU0,0.0
1624,B000063WU2,0.0
1625,B000063WU4,0.0
1626,B00006424R,0.0
1627,B0000645RG,0.0
1628,B0000645VZ,0.0
1629,B0000645W1,0.0
1630,B00006472A,0.0
1631,B00006498N,0.0
1632,B00006498Q,0.0
1633,B00006561M,0.0
1634,B00006598X,0.0
1635,B000065AAW,0.0
1636,B000065DJW,0.0
1637,B000065DJY,0.0
1638,B000065DJZ,0.0
1639,B000065DK0,0.0
1640,B000065DK1,0.0
1641,B000065DK2,0.0
1642,B000065DK3,0.0
1643,B000065DK4,0.0
1644,B000066B13,0.0
1645,B000066B1A,0.0
1646,B000066B1B,0.0
1647,B000066CKS,0.0
1648,B000066J72,0.0
1649,B000066J73,0.0
1650,B000066RKV,0.0
1651,B000066SY6,0.0
1652,B000066SYA,0.0
1653,B000066SYB,0.0
1654,B000067BL6,0.0
1655,B000067DYG,0.0
1656,B000067EE4,0.0
1657,B000067EEE,0.0
1658,B000067ETU,0.0
1659,B000067O3J,0.0
1660,B000067O3L,0.0
1661,B000067O3M,0.0
1662,B000067O3V,0.0
1663,B000067O3X,0.0
1664,B000067O42,0.0
1665,B0000682T5,0.0
1666,B0000682T7,0.0
1667,B0000683O5,0.0
1668,B0000683OB,0.0
1669,B0000683OD,0.0
1670,B0000683OF,0.0
1671,B000068CXN,0.0
1672,B000068DEG,0.0
1673,B000068DI0,0.0
1674,B000068DWL,0.0
1675,B000068DWY,0.0
1676,B000068LU0,0.0
1677,B000068PVL,0.0
1678,B000068U49,0.0
1679,B0000691J8,0.0
1680,B0000691JA,0.0
1681,B0000695SL,0.0
1682,B000069A2Y,0.0
1683,B000069A31,0.0
1684,B000069A33,0.0
1685,B000069A3A,0.0
1686,B000069A3B,0.0
1687,B000069A3I,0.0
1688,B000069A4A,0.0
1689,B000069A4C,0.0
1690,B000069A4I,0.0
1691,B000069A4J,0.0
1692,B000069C82,0.0
1693,B000069C8A,0.0
1694,B000069C8B,0.0
1695,B000069IEV,0.0
1696,B000069IEW,0.0
1697,B000069J49,0.0
1698,B000069K7Q,0.0
1699,B000069R7P,0.0
1700,B000069R7Q,0.0
1701,B000069R7R,0.0
1702,B000069YUV,0.0
1703,B000069YV9,0.0
1704,B00006AG72,0.0
1705,B00006AG74,0.0
1706,B00006AGFW,0.0
1707,B00006AKYI,0.0
1708,B00006AKYY,0.0
1709,B00006AKYZ,0.0
1710,B00006AKZ1,0.0
1711,B00006ANJC,0.0
1712,B00006BIJJ,0.0
1713,B00006BN4H,0.0
1714,B00006BN5B,0.0
1715,B00006CTDR,0.0
1716,B00006CTGY,0.0
1717,B00006D2R4,0.0
1718,B00006D2RM,0.0
1719,B00006EPHQ,0.0
1720,B00006EPI4,0.0
1721,B00006EXJQ,0.0
1722,B00006FDU6,0.0
1723,B00006FE2Q,0.0
1724,B00006FE2W,0.0
1725,B00006FE30,0.0
1726,B00006FRW6,0.0
1727,B00006FRW7,-0.002242800879241
1728,B00006GEXS,0.0
1729,B00006GO23,0.0
1730,B00006IAUY,0.0
1731,B00006IC2I,0.0
1732,B00006IGL2,0.0
1733,B00006IGL3,0.0
1734,B00006IGL4,0.0
1735,B00006IGL5,0.0
1736,B00006IGL8,0.0
1737,B00006IGLF,0.0
1738,B00006IJOF,0.0
1739,B00006IJOG,0.0
1740,B00006IQ8Y,0.0
1741,B00006IQ95,0.0
1742,B00006IQLO,0.0
1743,B00006ISDB,0.0
1744,B00006ISDE,0.0
1745,B00006ISEC,0.0
1746,B00006ISER,0.0
1747,B00006IV22,0.0
1748,B00006IV2D,0.0
1749,B00006IV2E,0.0
1750,B00006IV2F,-0.002242800879241
1751,B00006IV2K,0.0
1752,B00006IV2X,0.0
1753,B00006IV2Y,0.0
1754,B00006IV2Z,0.0
1755,B00006IV30,0.0
1756,B00006IV51,0.0
1757,B00006IV52,0.0
1758,B00006IV5M,0.0
1759,B00006IV5Y,0.0
1760,B00006IV61,0.0
1761,B00006J6WY,0.0
1762,B00006J9GN,0.0
1763,B00006JLYE,0.0
1764,B00006JLZ1,0.0
1765,B00006JN4F,0.0
1766,B00006JN4K,0.0
1767,B00006JN4Q,0.0
1768,B00006JN51,0.0
1769,B00006JN53,0.0
1770,B00006JT6O,0.0
1771,B00006JT75,0.0
1772,B00006JT76,0.0
1773,B00006JUK4,0.0
1774,B00006JUK5,0.0
1775,B00006JUKA,0.0
1776,B00006K110,0.0
1777,B00006K112,0.0
1778,B00006K141,0.0
1779,B00006K142,0.0
1780,B00006K14U,0.0
1781,B00006KOWD,0.0
1782,B00006L76O,0.0
1783,B00006L9KV,0.0
1784,B00006L9KW,0.0
1785,B00006L9KY,0.0
1786,B00006L9KZ,0.0
1787,B00006L9L1,0.0
1788,B00006L9L2,-0.002242800879241
1789,B00006L9L3,0.0
1790,B00006L9L8,0.0
1791,B00006L9LB,0.0
1792,B00006L9LC,0.0
1793,B00006L9LD,0.0
1794,B00006LHYR,0.0
1795,B00006LL3M,0.0
1796,B00006LLNN,0.0
1797,B00006LWFL,0.0
1798,B00006P03Y,0.0
1799,B00006RH53,0.0
1800,B00006RH5C,0.0
1801,B00006RH5D,0.0
1802,B00006RH5E,0.0
1803,B00006RS71,0.0
1804,B00006RSKR,0.0
1805,B00006RVHB,0.0
1806,B00006RVJ3,0.0
1807,B00006RZAG,0.0
1808,B00006WNLC,0.0
1809,B00006WNLX,0.0
1810,B00006WNQU,0.0
1811,B00006YXEQ,0.0
1812,B000070IWM,0.0
1813,B000071EEE,0.0
1814,B000071EEF,0.0
1815,B000071EEH,0.0
1816,B00007323F,0.0
1817,B000075YP7,0.0
1818,B000078CXI,0.0
1819,B000078CXL,0.0
1820,B000078CXM,0.0
1821,B000078CXN,0.0
1822,B000078CXO,0.0
1823,B000078PN3,0.0
1824,B000079XVD,0.0
1825,B00007BGDU,0.0
1826,B00007D07S,0.0
1827,B00007D07T,0.0
1828,B00007D07U,0.0
1829,B00007DWDC,0.0
1830,B00007DWDE,0.0
1831,B00007E318,0.0
1832,B00007E319,0.0
1833,B00007E8FK,0.0
1834,B00007EFK7,0.0
1835,B00007EFKH,0.0
1836,B00007EFKI,0.0
1837,B00007EFKK,0.0
1838,B00007EFKY,0.0
1839,B00007EFL1,0.0
1840,B00007EFL3,0.0
1841,B00007EFLK,0.0
1842,B00007FCPX,-0.002242800879241
1843,B00007FCQ0,0.0
1844,B00007FCQ1,0.0
1845,B00007GDA7,0.0
1846,B00007GUQG,0.0
1847,B00007J4WF,0.0
1848,B00007KH0O,0.0
1849,B00007KQF3,0.0
1850,B00007KUSE,0.0
1851,B00007L1HG,0.0
1852,B00007L1HT,0.0
1853,B00007L1IE,0.0
1854,B00007L64J,0.0
1855,B00007LB75,0.0
1856,B00007LVDA,0.0
1857,B00007M0CP,0.0
1858,B00007M1U2,0.0
1859,B00007M9M9,0.0
1860,B00007M9MB,0.0
1861,B000083XNC,0.0
1862,B000084U55,0.0
1863,B000086JZS,0.0
1864,B000087L6T,0.0
1865,B000087LQ5,0.0
1866,B000087RI7,0.0
1867,B0000894ME,0.0
1868,B000089GIH,0.0
1869,B000089J0M,0.0
1870,B000089S9Y,0.0
1871,B000089SA4,0.0
1872,B000089SA5,0.0
1873,B000089SAA,0.0
1874,B000089SAN,0.0
1875,B00008AJJK,0.0
1876,B00008AJJM,0.0
1877,B00008AJJV,0.0
1878,B00008AJJW,0.0
1879,B00008AJKD,0.0
1880,B00008BNYM,0.0
1881,B00008BNZ4,-0.002242800879241
1882,B00008CMOQ,0.0
1883,B00008CMOR,0.0
1884,B00008CMOS,0.0
1885,B00008CMOX,0.0
1886,B00008CMP1,0.0
1887,B00008CQT1,0.0
1888,B00008D643,0.0
1889,B00008DHS2,0.0
1890,B00008DHS5,0.0
1891,B00008DPP8,-0.002242800879241
1892,B00008E2MM,0.0
1893,B00008GFOH,0.0
1894,B00008GQ37,0.0
1895,B00008GQ3B,0.0
1896,B00008GQGP,0.0
1897,B00008I8PL,0.0
1898,B00008I8PM,0.0
1899,B00008I8PP,0.0
1900,B00008IHNW,0.0
1901,B00008IHNY,0.0
1902,B00008IHO0,0.0
1903,B00008IHO1,0.0
1904,B00008IHO3,0.0
1905,B00008IHO4,0.0
1906,B00008IHO6,0.0
1907,B00008J2WL,0.0
1908,B00008J2WO,0.0
1909,B00008J2WU,0.0
1910,B00008J2WV,0.0
1911,B00008J2WW,0.0
1912,B00008J2XQ,-0.002242800879241
1913,B00008J2XR,0.0
1914,B00008J2XT,0.0
1915,B00008K62L,0.0
1916,B00008KA7P,0.0
1917,B00008KA7Q,0.0
1918,B00008KA89,0.0
1919,B00008KA8A,0.0
1920,B00008KA8B,0.0
1921,B00008KA8D,0.0
1922,B00008KA8E,0.0
1923,B00008KA8F,0.0
1924,B00008KA8H,0.0
1925,B00008KGX4,0.0
1926,B00008KGX5,0.0
1927,B00008KGX8,0.0
1928,B00008L3V6,0.0
1929,B00008LUOY,0.0
1930,B00008LUP8,0.0
1931,B00008LUPB,0.0
1932,B00008MNZH,0.0
1933,B00008MOQE,0.0
1934,B00008MOQG,0.0
1935,B00008MOQH,0.0
1936,B00008MOQI,0.0
1937,B00008MOQJ,0.0
1938,B00008MOQK,0.0
1939,B00008MOQL,0.0
1940,B00008MOQN,0.0
1941,B00008MOQQ,0.0
1942,B00008MOQZ,0.0
1943,B00008MORG,0.0
1944,B00008MORI,0.0
1945,B00008MORJ,0.0
1946,B00008MORK,0.0
1947,B00008NFKZ,0.0
1948,B00008NGC8,0.0
1949,B00008O2X3,0.0
1950,B00008O2X5,0.0
1951,B00008ODBN,0.0
1952,B00008OE3G,0.0
1953,B00008OLXB,0.0
1954,B00008OLXC,0.0
1955,B00008PC1O,0.0
1956,B00008PC25,0.0
1957,B00008RCN1,0.0
1958,B00008RGPO,0.0
1959,B00008RGPP,0.0
1960,B00008SJXH,0.0
1961,B00008US32,0.0
1962,B00008US4Z,0.0
1963,B00008US50,0.0
1964,B00008US52,0.0
1965,B00008W6CH,0.0
1966,B00008WFSM,0.0
1967,B00008WM5Q,0.0
1968,B00008WM5R,0.0
1969,B00008WM5V,0.0
1970,B00008WM5X,0.0
1971,B00008WM5Y,0.0
1972,B00008WM5Z,0.0
1973,B00008WM62,0.0
1974,B00008WM64,0.0
1975,B00008WMNJ,0.0
1976,B00008WMNP,0.0
1977,B00008WZ0G,0.0
1978,B00008X5CH,0.0
1979,B00008XP0B,0.0
1980,B00008ZGOO,0.0
1981,B00008ZPG0,0.0
1982,B00008ZPG9,0.0
1983,B00008ZPGA,0.0
1984,B00008ZZ26,0.0
1985,B000092LXS,0.0
1986,B000092LY3,0.0
1987,B000092LY4,0.0
1988,B000092OX4,0.0
1989,B000092R44,0.0
1990,B000093A0H,0.0
1991,B000093A0U,0.0
1992,B000093HKN,0.0
1993,B000093I60,0.0
1994,B000093UM7,0.0
1995,B0000942LN,0.0
1996,B000094DV5,0.0
1997,B000094OW9,0.0
1998,B000094OWA,0.0
1999,B000094OWB,0.0
2000,B000094OWK,0.0
2001,B000094OWL,0.0
2002,B000094Q6C,0.0
2003,B000094ZDX,0.0
2004,B000094ZEM,0.0
2005,B0000950LF,0.0
2006,B0000959LU,0.0
2007,B000095S95,0.0
2008,B000095SDS,0.0
2009,B00009B1WJ,0.0
2010,B00009EFFB,0.0
2011,B00009KGGG,0.0
2012,B00009KGGI,0.0
2013,B00009L1TE,0.0
2014,B00009LI8T,0.0
2015,B00009M8JC,0.0
2016,B00009M8JE,0.0
2017,B00009N1WW,0.0
2018,B00009OL6Y,0.0
2019,B00009OL70,0.0
2020,B00009OL71,0.0
2021,B00009OL72,0.0
2022,B00009OTGP,0.0
2023,B00009OTGU,0.0
2024,B00009Q148,0.0
2025,B00009RA23,0.0
2026,B00009TWMB,0.0
2027,B00009TWMD,0.0
2028,B00009TWME,0.0
2029,B00009VPJQ,0.0
2030,B00009WHTI,0.0
2031,B00009WO0W,0.0
2032,B00009WQUH,0.0
2033,B00009YJSJ,0.0
2034,B0000A0VK1,0.0
2035,B0000A1VFE,0.0
2036,B0000A1VFF,0.0
2037,B0000A1VFG,0.0
2038,B0000A4EW2,0.0
2039,B0000A4EW3,0.0
2040,B0000A605J,0.0
2041,B0000A605Y,0.0
2042,B0000A605Z,0.0
2043,B0000A6060,0.0
2044,B0000A6061,0.0
2045,B0000A6062,0.0
2046,B0000A6063,0.0
2047,B0000A6064,0.0
2048,B0000A606G,0.0
2049,B0000A606H,0.0
2050,B0000A606I,0.0
2051,B0000A606J,0.0
2052,B0000A606K,0.0
2053,B0000A606L,0.0
2054,B0000A9YC1,0.0
2055,B0000ABPLA,0.0
2056,B0000ABPLB,0.0
2057,B0000ACXTE,0.0
2058,B0000ACXTG,0.0
2059,B0000ADY4H,0.0
2060,B0000AFNI2,0.0
2061,B0000AFUSY,0.0
2062,B0000AFUTB,0.0
2063,B0000AFUTI,0.0
2064,B0000AFUTL,-0.002242800879241
2065,B0000AHS9W,0.0
2066,B0000AHS9Y,0.0
2067,B0000AHSA1,0.0
2068,B0000AJ3PR,0.0
2069,B0000AJ3PS,0.0
2070,B0000AJ3PT,0.0
2071,B0000AJ3PU,0.0
2072,B0000AJ3PV,0.0
2073,B0000AJ3PW,0.0
2074,B0000AJ3PY,0.0
2075,B0000AJ3Q1,0.0
2076,B0000AJ3Q3,0.0
2077,B0000AJ3Q4,0.0
2078,B0000AJ5TC,0.0
2079,B0000AK9SV,0.0
2080,B0000AKADF,0.0
2081,B0000AKADM,0.0
2082,B0000AKMX3,0.0
2083,B0000AKPNX,0.0
2084,B0000AKT6P,0.0
2085,B0000ALEU3,0.0
2086,B0000ALPQI,0.0
2087,B0000AMKXD,0.0
2088,B0000AN9L9,0.0
2089,B0000AN9LA,0.0
2090,B0000AN9LP,0.0
2091,B0000AN9M1,0.0
2092,B0000AN9M2,0.0
2093,B0000AN9M4,0.0
2094,B0000AOWL0,0.0
2095,B0000AOWL1,0.0
2096,B0000AOWL2,0.0
2097,B0000AOWL4,0.0
2098,B0000AOWPB,0.0
2099,B0000APP9L,0.0
2100,B0000APP9T,0.0
2101,B0000APP9X,0.0
2102,B0000AR6XH,0.0
2103,B0000AR6XK,0.0
2104,B0000AR6XQ,0.0
2105,B0000AR85Y,0.0
2106,B0000ARQOH,0.0
2107,B0000AS54S,0.0
2108,B0000AS54T,0.0
2109,B0000AXZV5,0.0
2110,B0000AYXBM,0.0
2111,B0000AYXBO,0.0
2112,B0000AYXBP,0.0
2113,B0000AZVZO,0.0
2114,B0000AZVZQ,0.0
2115,B0000AZVZS,0.0
2116,B0000AZVZT,0.0
2117,B0000AZVZV,0.0
2118,B0000AZW80,0.0
2119,B0000BV14G,0.0
2120,B0000BVGDG,0.0
2121,B0000C0FJT,0.0
2122,B0000C0XL8,0.0
2123,B0000C1I9B,0.0
2124,B0000C1I9C,0.0
2125,B0000C1I9D,0.0
2126,B0000C1I9G,0.0
2127,B0000C37DT,0.0
2128,B0000C37DZ,0.0
2129,B0000C4COK,0.0
2130,B0000C4CON,0.0
2131,B0000C4COQ,0.0
2132,B0000C4COR,0.0
2133,B0000C4COV,0.0
2134,B0000C6HHR,0.0
2135,B0000C6HHS,0.0
2136,B0000C6HHU,0.0
2137,B0000C6HHY,0.0
2138,B0000C6HI4,0.0
2139,B0000C6XNH,0.0
2140,B0000C88FS,0.0
2141,B0000C88FT,0.0
2142,B0000C88FU,-0.002242800879241
2143,B0000C88FW,0.0
2144,B0000C88FX,0.0
2145,B0000CARJK,0.0
2146,B0000CBJ4T,0.0
2147,B0000CBLBI,0.0
2148,B0000CC61Z,0.0
2149,B0000CC64V,0.0
2150,B0000CC64W,-0.003173388101125
2151,B0000CC64Y,0.0
2152,B0000CCW1B,0.0
2153,B0000CCW1D,0.0
2154,B0000CCW1K,0.0
2155,B0000CCW1L,0.0
2156,B0000CCW1S,0.0
2157,B0000CDVMP,0.0
2158,B0000CDVMQ,0.0
2159,B0000CDVN6,0.0
2160,B0000CE75R,0.0
2161,B0000CES5I,0.0
2162,B0000CFNSO,0.0
2163,B0000CFNSU,0.0
2164,B0000CFNSX,0.0
2165,B0000CFNT3,0.0
2166,B0000CFQD7,0.0
2167,B0000CFWJ7,0.0
2168,B0000CGKLV,0.0
2169,B0000CNR0E,0.0
2170,B0000CNR0J,0.0
2171,B0000D1BOB,0.0
2172,B0000D1BOC,0.0
2173,B0000D9PQJ,0.0
2174,B0000DAION,-0.002242800879241
2175,B0000DAIOP,0.0
2176,B0000DAIOQ,0.0
2177,B0000DBNER,0.0
2178,B0000DBNEW,0.0
2179,B0000DBNEX,0.0
2180,B0000DBNEZ,0.0
2181,B0000DBPHM,0.0
2182,B0000DD8NM,0.0
2183,B0000DD8VH,0.0
2184,B0000DD8VJ,0.0
2185,B0000DEYQR,0.0
2186,B0000DEYX2,0.0
2187,B0000DFZLM,0.0
2188,B0000DFZLN,0.0
2189,B0000DG6CO,0.0
2190,B0000DG6CR,0.0
2191,B0000DGBFD,0.0
2192,B0000DH8OY,0.0
2193,B0000DH94K,0.0
2194,B0000DI4UG,0.0
2195,B0000DIWH3,0.0
2196,B0000DJEJZ,0.0
2197,B0000DJEK1,0.0
2198,B0000DZGVA,0.0
2199,B0000DZGVC,0.0
2200,B0000DZGVG,0.0
2201,B0000DZGWU,0.0
2202,B0000DZH4X,0.0
2203,B0000DZP4C,0.0
2204,B0000E09NA,0.0
2205,B0000E2PC1,0.0
2206,B0000E2PEP,0.0
2207,B0000E3IFQ,0.0
2208,B0000E3QL6,0.0
2209,B0000E3QL7,0.0
2210,B0000E6I1S,0.0
2211,B0000E6I6S,0.0
2212,B0000EZ1OG,0.0
2213,B0000EZ1OQ,0.0
2214,B0000JJE3A,0.0
2215,B0000SW0KK,0.0
2216,B0000SW8BG,0.0
2217,B0000SW8DY,0.0
2218,B0000SW8E8,0.0
2219,B0000SW8ZC,0.0
2220,B0000SW90G,0.0
2221,B0000SW9HE,0.0
2222,B0000TMDJM,0.0
2223,B0000TPBDC,0.0
2224,B0000U3YG2,0.0
2225,B0000UJC7C,0.0
2226,B0000UJJH0,0.0
2227,B0000UJJTS,0.0
2228,B0000UNXYA,0.0
2229,B0000USUSE,0.0
2230,B0000USUSO,0.0
2231,B0000USUSY,0.0
2232,B0000UTUMY,0.0
2233,B0000UTUN8,0.0
2234,B0000UTUNI,0.0
2235,B0000UTUQU,0.0
2236,B0000UTUS8,0.0
2237,B0000UTUVU,-0.003173388101125
2238,B0000UTUW4,0.0
2239,B0000UTV1Y,0.0
2240,B0000V828G,0.0
2241,B0000V829K,0.0
2242,B0000V82AE,0.0
2243,B0000VAXRY,0.0
2244,B0000VC1YC,0.0
2245,B0000VC1YM,0.0
2246,B0000VUOC8,0.0
2247,B0000WA8EG,0.0
2248,B0000WANB4,0.0
2249,B0000WUR7E,0.0
2250,B0000WURP6,0.0
2251,B0000WURRO,0.0
2252,B0000WWP5G,0.0
2253,B0000X071O,0.0
2254,B0000X63KI,0.0
2255,B0000X6GBE,0.0
2256,B0000XMQAY,0.0
2257,B0000XMQBI,0.0
2258,B0000XMQBS,0.0
2259,B0000XMQEU,0.0
2260,B0000XMQH2,0.0
2261,B0000XMQHW,0.0
2262,B0000XMQJ0,0.0
2263,B0000XMQL8,0.0
2264,B0000XMQLS,0.0
2265,B0000XMQMC,0.0
2266,B0000XMQN6,0.0
2267,B0000XMQOK,0.0
2268,B0000XMQRC,0.0
2269,B0000XMQS6,0.0
2270,B0000XMQSQ,0.0
2271,B0000XMQTA,0.0
2272,B0000XMQUO,0.0
2273,B0000XMQV8,0.0
2274,B0000XMR2Q,0.0
2275,B0000XOGFM,0.0
2276,B0000Y3C2O,0.0
2277,B0000Y3C3I,0.0
2278,B0000Y3C4C,0.0
2279,B0000Y3COC,0.0
2280,B0000Y3COM,0.0
2281,B0000Y3CQK,0.0
2282,B0000Y3CRE,0.0
2283,B0000Y3CRY,0.0
2284,B0000Y3CSI,0.0
2285,B0000Y3D4G,-0.002242800879241
2286,B0000Y3D4Q,0.0
2287,B0000Y3D5A,0.0
2288,B0000Y3D5K,0.0
2289,B0000Y3DAK,-0.002242800879241
2290,B0000Y3DCI,0.0
2291,B0000Y3DD2,0.0
2292,B0000Y3DDW,0.0
2293,B0000Y3DEQ,0.0
2294,B0000Y3DFA,0.0
2295,B0000Y3DYQ,0.0
2296,B0000Y3E7M,0.0
2297,B0000Y3EC2,-0.002242800879241
2298,B0000Y3ECM,0.0
2299,B0000Y3EOA,0.0
2300,B0000Y3ERW,0.0
2301,B0000Y3EVS,0.0
2302,B0000Y3EZE,0.0
2303,B0000Y3F2G,0.0
2304,B0000Y3F2Q,0.0
2305,B0000Y3F7G,0.0
2306,B0000Y3FOO,0.0
2307,B0000Y3FQC,0.0
2308,B0000Y3FRG,0.0
2309,B0000Y3FS0,0.0
2310,B0000Y3FSK,0.0
2311,B0000Y3FTE,0.0
2312,B0000Y3FUI,0.0
2313,B0000Y3G9S,0.0
2314,B0000Y3GAC,0.0
2315,B0000Y3GES,0.0
2316,B0000Y3GF2,0.0
2317,B0000Y3GHU,0.0
2318,B0000Y3GIE,0.0
2319,B0000Y3GIY,0.0
2320,B0000Y3I00,0.0
2321,B0000Y3I9Q,0.0
2322,B0000Y3IAA,0.0
2323,B0000Y3J6I,0.0
2324,B0000Y3JBS,0.0
2325,B0000Y3JF4,0.0
2326,B0000Y3LAC,0.0
2327,B0000Y3LKM,0.0
2328,B0000Y3LQ6,0.0
2329,B0000Y3LU2,0.0
2330,B0000Y3NO6,0.0
2331,B0000Y3NPK,0.0
2332,B0000Y3NX2,0.0
2333,B0000Y3OFO,0.0
2334,B0000Y8H3S,0.0
2335,B0000Y8H4C,0.0
2336,B0000Y8IOQ,0.0
2337,B0000Y8O8G,0.0
2338,B0000Y8QQG,0.0
2339,B0000YADXA,0.0
2340,B0000YAE1Q,0.0
2341,B0000YB8L6,0.0
2342,B0000YGY10,0.0
2343,B0000YI6YI,0.0
2344,B0000YI85U,0.0
2345,B0000YI8BY,0.0
2346,B0000YI8V4,0.0
2347,B0000YI8VY,0.0
2348,B0000YI9GI,0.0
2349,B0000YI9QS,0.0
2350,B0000YI9YA,0.0
2351,B0000YTOP8,0.0
2352,B0000YUVA0,0.0
2353,B0000YUVH8,0.0
2354,B0000YUVHS,0.0
2355,B0000YUVXC,0.0
2356,B0000YUW54,0.0
2357,B0000YUW9U,0.0
2358,B0000YUWEU,0.0
2359,B0000YUWHM,0.0
2360,B0000YUWY0,0.0
2361,B0000YUX4O,-0.002242800879241
2362,B0000YUXFS,0.0
2363,B0000YUXGM,0.0
2364,B0000YUXGW,0.0
2365,B0000YUXI0,0.0
2366,B0000YUXJE,0.0
2367,B0000YUXK8,0.0
2368,B0000YUXM6,0.0
2369,B0000YUXMQ,0.0
2370,B0000YUXQ2,0.0
2371,B0000YUXQM,0.0
2372,B0000YUY48,0.0
2373,B0000YUYYS,0.0
2374,B0000YUZIS,0.0
2375,B0000YUZLU,0.0
2376,B0000YV0SC,0.0
2377,B0000YV1DG,0.0
2378,B0000YV5R8,0.0
2379,B0000YV5TQ,0.0
2380,B0000YV5U0,0.0
2381,B0000YV5UA,0.0
2382,B0000YV5VE,0.0
2383,B0000YV6BI,0.0
2384,B0000YV6CW,0.0
2385,B0000YV6DQ,0.0
2386,B0000YV6FO,0.0
2387,B0000YV6FY,0.0
2388,B0000YV6GI,0.0
2389,B0000YV6JA,0.0
2390,B0000YV6K4,0.0
2391,B0000YV6YK,0.0
2392,B0000YV74E,0.0
2393,B0000YV74Y,0.0
2394,B0000YV7KS,0.0
2395,B0000YV7XK,0.0
2396,B0000YV83O,0.0
2397,B0000YV84I,0.0
2398,B0000YV8DE,0.0
2399,B0000YV8N4,0.0
2400,B0000YV8NO,0.0
2401,B0000YV9EC,0.0
2402,B0000YV9JW,0.0
2403,B0000YV9OC,0.0
2404,B0000YXUPS,0.0
2405,B0000ZHGZ2,0.0
2406,B0000ZHH2Y,0.0
2407,B0000ZHH5G,0.0
2408,B0000ZHOEU,0.0
2409,B0000ZHOGI,0.0
2410,B0000ZHOH2,0.0
2411,B0000ZLEFU,0.0
2412,B0000ZLEH8,0.0
2413,B0000ZLEJG,0.0
2414,B0000ZLEO6,0.0
2415,B0000ZLEWS,0.0
2416,B0000ZLEX2,0.0
2417,B0000ZREGI,0.0
2418,B0000ZREX6,0.0
2419,B0000ZREXQ,0.0
2420,B0000ZRLZM,0.0
2421,B00011FI9G,0.0
2422,B00011FTPY,0.0
2423,B00011JI88,-0.002242800879241
2424,B00011JJZK,0.0
2425,B00011JK6S,0.0
2426,B00011JKE0,0.0
2427,B00011JKU4,0.0
2428,B00011JLZI,0.0
2429,B00011JML6,0.0
2430,B00011JOPA,0.0
2431,B00011JOPK,0.0
2432,B00011JOQY,0.0
2433,B00011JOR8,0.0
2434,B00011JOSC,0.0
2435,B00011JOSM,0.0
2436,B00011JOSW,0.0
2437,B00011JOYQ,0.0
2438,B00011JP1S,0.0
2439,B00011JP22,0.0
2440,B00011JP36,0.0
2441,B00011JP5E,0.0
2442,B00011JTD2,0.0
2443,B00011JTFA,0.0
2444,B00011JTI2,0.0
2445,B00011JTIC,0.0
2446,B00011JTNC,-0.002242800879241
2447,B00011JU6I,0.0
2448,B00011JV0S,0.0
2449,B00011JV26,0.0
2450,B00011JVAS,0.0
2451,B00011JVBM,0.0
2452,B00011JVCG,0.0
2453,B00011JXBU,0.0
2454,B00011JXFQ,0.0
2455,B00011JXHY,0.0
2456,B00011JXR4,0.0
2457,B00011JYOQ,0.0
2458,B00011JYY6,0.0
2459,B00011JYYQ,0.0
2460,B00011JYZA,0.0
2461,B00011K0LW,0.0
2462,B00011K0O4,0.0
2463,B00011K1KW,0.0
2464,B00011K206,0.0
2465,B00011K4W2,0.0
2466,B00011PWUQ,0.0
2467,B00011PXW8,0.0
2468,B00011QSUE,0.0
2469,B00011QSWM,0.0
2470,B00011QSXG,0.0
2471,B00011QTR6,0.0
2472,B00011QTRQ,0.0
2473,B00011QTZI,-0.003173388101125
2474,B00011QUDE,0.0
2475,B00011QUIY,0.0
2476,B00011QUKW,0.0
2477,B00011QUPW,0.0
2478,B00011QUQG,0.0
2479,B00011QUVQ,0.0
2480,B00011QUX4,0.0
2481,B00011QUXE,0.0
2482,B00011QVHO,0.0
2483,B00011QVIS,0.0
2484,B00011QVUG,0.0
2485,B00011R3N0,0.0
2486,B00011R556,0.0
2487,B00011R5UG,0.0
2488,B00011ROPC,0.0
2489,B00011SLJ0,0.0
2490,B00011TGDA,0.0
2491,B00011THGG,0.0
2492,B000126R0Y,0.0
2493,B000127KAK,0.0
2494,B000127KAU,0.0
2495,B000127UUA,0.0
2496,B000127UVY,0.0
2497,B000127VFE,0.0
2498,B000127WAI,0.0
2499,B000127WDU,0.0
2500,B000127X2A,0.0
2501,B00012C02I,0.0
2502,B00012C0IC,0.0
2503,B00012C5IW,0.0
2504,B00012C5RS,0.0
2505,B00012FJF8,0.0
2506,B00012FJHQ,-0.003173388101125
2507,B00012FJJY,-0.002242800879241
2508,B00012FJOE,0.0
2509,B00012FL8I,0.0
2510,B00012FLO2,0.0
2511,B00012FM32,0.0
2512,B00012FM4Q,0.0
2513,B00012FM8C,0.0
2514,B00012FOJO,0.0
2515,B00012FOOY,0.0
2516,B00012FVZQ,0.0
2517,B00012FW00,-0.002242800879241
2518,B00012JY5Y,0.0
2519,B00012K8R2,0.0
2520,B00012M2JO,0.0
2521,B00012MKJ6,0.0
2522,B00012MKL4,0.0
2523,B00012ND0G,0.0
2524,B00012NEYG,0.0
2525,B00012NFKO,0.0
2526,B00012NGDU,0.0
2527,B00012NI7E,0.0
2528,B00012NID8,0.0
2529,B00012NIWY,0.0
2530,B00012NJKU,0.0
2531,B00012NJZA,0.0
2532,B00012NK4A,0.0
2533,B00012NK86,0.0
2534,B00012NKGS,0.0
2535,B00012NNBK,0.0
2536,B00012QFOM,0.0
2537,B00012TO9U,0.0
2538,B00012U9CG,0.0
2539,B00012U9EO,0.0
2540,B00012U9NK,0.0
2541,B00012URGE,0.0
2542,B00012URN2,0.0
2543,B00012URS2,0.0
2544,B00012URW8,0.0
2545,B00012URZU,0.0
2546,B00012US9U,0.0
2547,B00012USPO,0.0
2548,B00012USZE,0.0
2549,B00012UTXK,0.0
2550,B00012WYH4,0.0
2551,B00012WYHY,0.0
2552,B00012WYI8,0.0
2553,B00012WYKQ,0.0
2554,B000132G7G,0.0
2555,B000136P7S,0.0
2556,B00013899A,0.0
2557,B00013A038,0.0
2558,B00013EWR8,0.0
2559,B00013J7H8,0.0
2560,B00013MSYC,0.0
2561,B00013MSYW,0.0
2562,B00013MT1O,0.0
2563,B00013MT32,0.0
2564,B00013MT3M,0.0
2565,B00013MT46,0.0
2566,B00013MT6O,0.0
2567,B00013MT7I,0.0
2568,B00013MT96,0.0
2569,B00013MT9G,0.0
2570,B00013MTA0,0.0
2571,B00013TQRE,0.0
2572,B00013UHBS,0.0
2573,B00013V0A0,0.0
2574,B00013V0AU,0.0
2575,B00013YYS0,0.0
2576,B00013YZ7U,0.0
2577,B00013YZCA,0.0
2578,B00013YZRU,0.0
2579,B00013YZS4,0.0
2580,B00013Z0CE,0.0
2581,B00013Z0HO,0.0
2582,B00013Z0RE,0.0
2583,B00013Z10K,0.0
2584,B00013Z15A,0.0
2585,B00013Z1FA,0.0
2586,B00013Z1ZA,0.0
2587,B00013Z240,0.0
2588,B00013Z24K,0.0
2589,B0001411PS,0.0
2590,B0001411WG,0.0
2591,B0001418RE,0.0
2592,B000141A8G,0.0
2593,B000141AB8,0.0
2594,B000141EVO,0.0
2595,B000141FJ0,0.0
2596,B000141FJK,0.0
2597,B000141FNQ,0.0
2598,B000141G62,0.0
2599,B000141GKS,0.0
2600,B000141GLC,0.0
2601,B000141GR6,0.0
2602,B000141HA2,0.0
2603,B000141HCA,0.0
2604,B000141HE8,0.0
2605,B000141HF2,0.0
2606,B000141HIO,0.0
2607,B000141J1Y,0.0
2608,B000141JFU,0.0
2609,B000141JGO,0.0
2610,B000141K4U,0.0
2611,B000141KRC,0.0
2612,B000141KSQ,0.0
2613,B000141KTK,0.0
2614,B000141KX6,0.0
2615,B000141KY0,0.0
2616,B000141L0S,0.0
2617,B000141L58,0.0
2618,B000141LB2,0.0
2619,B000141LBM,0.0
2620,B000141LNK,0.0
2621,B000141LO4,0.0
2622,B000141LU8,0.0
2623,B000141MAW,0.0
2624,B000141N2Y,0.0
2625,B000141N42,0.0
2626,B000141N56,0.0
2627,B000141NII,0.0
2628,B000141O6E,-0.002242800879241
2629,B000141OEQ,0.0
2630,B000141OIM,0.0
2631,B000141P8Q,0.0
2632,B000141PDQ,0.0
2633,B000141PIG,0.0
2634,B000141POA,0.0
2635,B000141PYK,0.0
2636,B000141Q0S,0.0
2637,B000141Q44,0.0
2638,B000141QHG,0.0
2639,B000141R2U,0.0
2640,B000141RSO,0.0
2641,B000141SMY,0.0
2642,B000141SYM,0.0
2643,B000141T1E,0.0
2644,B000141T28,0.0
2645,B000141T4G,0.0
2646,B000141TDW,0.0
2647,B000141TH8,0.0
2648,B000141TSC,0.0
2649,B000141U8G,0.0
2650,B000141UUY,0.0
2651,B000141UXG,0.0
2652,B000141UXQ,0.0
2653,B000141WP2,0.0
2654,B000141WS4,0.0
2655,B000141X38,0.0
2656,B000141X5G,0.0
2657,B000141X6A,0.0
2658,B000141XO2,0.0
2659,B000141XOC,0.0
2660,B000141Y6Y,0.0
2661,B000141YBY,0.0
2662,B000141YHI,0.0
2663,B000141YOG,0.0
2664,B000141ZRM,0.0
2665,B000141ZVI,0.0
2666,B0001420YO,0.0
2667,B0001420Z8,0.0
2668,B0001421H0,0.0
2669,B0001421IO,0.0
2670,B0001421O8,0.0
2671,B0001421PC,0.0
2672,B0001421U2,0.0
2673,B0001422P6,0.0
2674,B0001422RO,0.0
2675,B0001422UQ,0.0
2676,B0001422YM,0.0
2677,B00014244K,0.0
2678,B00014245E,0.0
2679,B0001424SG,0.0
2680,B0001424TU,0.0
2681,B00014253A,0.0
2682,B0001425AS,0.0
2683,B00014268E,0.0
2684,B0001428PU,0.0
2685,B000142968,0.0
2686,B0001429SG,0.0
2687,B000142AEY,0.0
2688,B000142AZ8,0.0
2689,B000142BYI,0.0
2690,B000142C1A,-0.0038885394561103
2691,B000142CYC,0.0
2692,B000142FSU,0.0
2693,B000142FVW,-0.002242800879241
2694,B000142G5M,0.0
2695,B000142GZM,0.0
2696,B000142H4W,0.0
2697,B000142HFG,0.0
2698,B000142I0A,0.0
2699,B000142IFU,0.0
2700,B000142J0O,0.0
2701,B000142J22,0.0
2702,B000142J2W,0.0
2703,B000142J36,0.0
2704,B000142J5Y,0.0
2705,B000142JDG,0.0
2706,B000142JE0,0.0
2707,B000142JEK,0.0
2708,B000142JRW,0.0
2709,B000142JYU,0.0
2710,B000142K3K,0.0
2711,B000142KS0,0.0
2712,B000142KUI,0.0
2713,B000142KW6,0.0
2714,B000142KZ8,0.0
2715,B000142LTI,0.0
2716,B000142MGA,0.0
2717,B000142MLA,0.0
2718,B000142NAK,0.0
2719,B000142NDC,0.0
2720,B000142NJQ,0.0
2721,B000142NMI,0.0
2722,B000142NQ4,0.0
2723,B000142NSC,0.0
2724,B000142NZA,0.0
2725,B000142OC2,0.0
2726,B000142OD6,0.0
2727,B000142OF4,0.0
2728,B000142OPE,0.0
2729,B000142OZY,0.0
2730,B000142P12,0.0
2731,B000142P1W,0.0
2732,B000142P4E,0.0
2733,B000142PLC,0.0
2734,B000142PUS,0.0
2735,B000142Q6G,-0.002242800879241
2736,B000142QWA,0.0
2737,B000142RBU,0.0
2738,B000142RK6,0.0
2739,B000142S6Y,0.0
2740,B000142T1I,0.0
2741,B000142TFE,0.0
2742,B000142TS6,0.0
2743,B000142TU4,0.0
2744,B000142U9E,0.0
2745,B000142UM6,0.0
2746,B000142UTO,0.0
2747,B000142UY4,0.0
2748,B000142V5M,0.0
2749,B000142VDE,0.0
2750,B000142VNE,0.0
2751,B000142X96,0.0
2752,B000142YTA,0.0
2753,B000142ZFS,0.0
2754,B000142ZSA,0.0
2755,B0001430WA,0.0
2756,B0001431AG,0.0
2757,B0001431CY,0.0
2758,B0001431N8,0.0
2759,B0001431TM,0.0
2760,B00014321O,0.0
2761,B0001432C8,0.0
2762,B0001432DW,0.0
2763,B0001432PK,0.0
2764,B0001432S2,0.0
2765,B0001432XC,0.0
2766,B00014337C,-0.002242800879241
2767,B0001433L8,0.0
2768,B0001433OU,0.0
2769,B0001433TK,0.0
2770,B0001433VI,0.0
2771,B0001433YK,0.0
2772,B00014345I,0.0
2773,B0001434A8,0.0
2774,B0001434BC,0.0
2775,B0001434GW,-0.002242800879241
2776,B0001434XK,0.0
2777,B00014351Q,0.0
2778,B00014353Y,0.0
2779,B0001435F2,0.0
2780,B0001435W0,0.0
2781,B0001435XY,0.0
2782,B0001435YS,0.0
2783,B000143606,0.0
2784,B0001436S8,0.0
2785,B0001437D2,0.0
2786,B0001438VS,0.0
2787,B0001439BC,0.0
2788,B0001439DK,0.0
2789,B0001439GM,0.0
2790,B0001439HQ,0.0
2791,B0001439IU,0.0
2792,B000143AY8,0.0
2793,B000143CCI,0.0
2794,B000143CFA,0.0
2795,B000143D0Y,0.0
2796,B000143D54,0.0
2797,B000143D68,0.0
2798,B000143D6S,0.0
2799,B000143DCC,0.0
2800,B000143DFY,0.0
2801,B000143DIQ,0.0
2802,B000143DK4,0.0
2803,B000143EGC,0.0
2804,B000143EGW,0.0
2805,B000143ESA,0.0
2806,B000143EV2,0.0
2807,B000143FYS,0.0
2808,B000143HB4,0.0
2809,B000143HFA,0.0
2810,B000143HGY,0.0
2811,B000143IUY,0.0
2812,B000143J94,0.0
2813,B000143K2A,0.0
2814,B000143K2K,0.0
2815,B000143KI4,0.0
2816,B000143KKC,0.0
2817,B000143LAG,0.0
2818,B000143LCE,0.0
2819,B000143MG4,0.0
2820,B000143MH8,0.0
2821,B000143MUU,0.0
2822,B000143N7M,0.0
2823,B000143O7G,0.0
2824,B000143OB2,-0.002242800879241
2825,B000143QJ2,0.0
2826,B000143R3W,0.0
2827,B000143R4G,0.0
2828,B000143RI2,0.0
2829,B000143RL4,0.0
2830,B000143RLO,0.0
2831,B000143RMI,0.0
2832,B000143ROQ,0.0
2833,B000143RPA,0.0
2834,B000143RWI,0.0
2835,B000143RXM,0.0
2836,B000143RZU,0.0
2837,B000143S40,0.0
2838,B000143SHC,0.0
2839,B000143SSQ,0.0
2840,B000143SV8,0.0
2841,B000143SYU,0.0
2842,B000143T62,0.0
2843,B000144JY8,0.0
2844,B000144JZ2,0.0
2845,B000144KRO,0.0
2846,B000144KVA,0.0
2847,B000144KWO,0.0
2848,B000144KZQ,0.0
2849,B000144L1E,0.0
2850,B000144LBY,0.0
2851,B000146L1W,0.0
2852,B000146L4E,0.0
2853,B000146L62,0.0
2854,B000146L7G,0.0
2855,B000146LEO,0.0
2856,B000146LGC,0.0
2857,B000146LI0,0.0
2858,B000146LJE,0.0
2859,B000146LKS,0.0
2860,B000146LNU,0.0
2861,B000146LPS,0.0
2862,B000146LR6,0.0
2863,B000146M0C,0.0
2864,B000146M3O,0.0
2865,B000146M4S,0.0
2866,B000146MA2,0.0
2867,B00014CZX0,0.0
2868,B00014D0A2,0.0
2869,B00014D0AC,0.0
2870,B00014D0EI,0.0
2871,B00014D138,0.0
2872,B00014D1DS,0.0
2873,B00014D1OW,0.0
2874,B00014D2ZA,0.0
2875,B00014D322,0.0
2876,B00014D35E,0.0
2877,B00014D5NE,0.0
2878,B00014D5O8,0.0
2879,B00014D8G8,0.0
2880,B00014D8HM,0.0
2881,B00014D8SQ,0.0
2882,B00014DG74,0.0
2883,B00014DG7O,0.0
2884,B00014DG7Y,0.0
2885,B00014DGCO,0.0
2886,B00014DHUA,0.0
2887,B00014DIKE,0.0
2888,B00014DKB6,0.0
2889,B00014DKKC,0.0
2890,B00014DM5K,0.0
2891,B00014DMO6,0.0
2892,B00014DMQE,-0.002242800879241
2893,B00014DMRI,0.0
2894,B00014DMUA,0.0
2895,B00014DN54,0.0
2896,B00014DNAO,0.0
2897,B00014DNL8,0.0
2898,B00014DNLS,0.0
2899,B00014DQAQ,0.0
2900,B00014DQVU,0.0
2901,B00014DSE0,0.0
2902,B00014DT3K,0.0
2903,B00014DTY4,0.0
2904,B00014DU6G,0.0
2905,B00014DV60,0.0
2906,B00014DZ2K,0.0
2907,B00014DZMA,0.0
2908,B00014DZQQ,0.0
2909,B00014DZX4,0.0
2910,B00014E060,0.0
2911,B00014E19G,0.0
2912,B00014E1NC,0.0
2913,B00014EB5A,0.0
2914,B00014ECAE,0.0
2915,B00014ECB8,0.0
2916,B00014EE48,0.0
2917,B00014EEGG,0.0
2918,B00014EF2O,-0.002242800879241
2919,B00014EFZ6,0.0
2920,B00014EG7S,0.0
2921,B00014EGE6,0.0
2922,B00014EGN2,0.0
2923,B00014EH22,0.0
2924,B00014EH2C,0.0
2925,B00014EH2W,0.0
2926,B00014EI76,0.0
2927,B00014EIEO,0.0
2928,B00014EK2O,0.0
2929,B00014EKJC,0.0
2930,B00014EKR4,0.0
2931,B00014EKRE,0.0
2932,B00014EKYW,0.0
2933,B00014EL2I,0.0
2934,B00014EL2S,0.0
2935,B00014EO2K,0.0
2936,B00014EVQO,0.0
2937,B00014EWVS,0.0
2938,B00014F9A6,0.0
2939,B00014FCJY,0.0
2940,B00014FGTK,0.0
2941,B00014FI0M,0.0
2942,B00014FMDU,0.0
2943,B00014FN8O,0.0
2944,B00014FOEC,0.0
2945,B00014FSH0,0.0
2946,B00014FT4M,0.0
2947,B00014FTTM,0.0
2948,B00014G0OU,0.0
2949,B00014G1FS,0.0
2950,B00014G2JI,0.0
2951,B00014G3FQ,0.0
2952,B00014G6RQ,0.0
2953,B00014G91Y,0.0
2954,B00014G94G,0.0
2955,B00014G9EQ,0.0
2956,B00014GD0Q,0.0
2957,B00014GER8,0.0
2958,B00014GT78,0.0
2959,B00014GT8W,0.0
2960,B00014GTWS,0.0
2961,B00014GUJA,0.0
2962,B00014GUPO,0.0
2963,B00014GVFI,0.0
2964,B00014GVG2,0.0
2965,B00014GVHQ,0.0
2966,B00014GVQ2,0.0
2967,B00014H8L4,0.0
2968,B00014HA2G,0.0
2969,B00014HA3U,0.0
2970,B00014HDPA,0.0
2971,B00014HDT6,0.0
2972,B00014HF94,0.0
2973,B00014HSQO,0.0
2974,B00014HVS4,0.0
2975,B00014HW2E,0.0
2976,B00014I5K2,0.0
2977,B00014I930,0.0
2978,B00014I99O,0.0
2979,B00014I9NU,0.0
2980,B00014ICSW,0.0
2981,B00014IE4O,0.0
2982,B00014IEEE,0.0
2983,B00014IXAY,0.0
2984,B00014J4L6,0.0
2985,B00014JKG0,0.0
2986,B00014JOHA,0.0
2987,B00014M2VU,0.0
2988,B00014M35K,0.0
2989,B00014TH9A,0.0
2990,B00014TNHG,0.0
2991,B00014TRPY,0.0
2992,B00014TRS6,0.0
2993,B00014TSJY,0.0
2994,B00014UFN2,0.0
2995,B00014UHN0,0.0
2996,B00014UHSK,0.0
2997,B00014UJNI,0.0
2998,B00014WIC8,0.0
2999,B00014WMX8,0.0
3000,B00014WVKC,0.0
3001,B00014WW38,0.0
3002,B00015545K,0.0
3003,B000155LJ4,0.0
3004,B000155N7O,0.0
3005,B000157NUO,0.0
3006,B0001584E8,0.0
3007,B00015874U,0.0
3008,B000158A1K,0.0
3009,B000158BX2,0.0
3010,B000158HCW,0.0
3011,B000158OI4,0.0
3012,B00015DUNS,0.0
3013,B00015DUWY,0.0
3014,B00015DWAE,0.0
3015,B00015DXAS,0.0
3016,B00015DXY4,0.0
3017,B00015DY02,0.0
3018,B00015DYPC,0.0
3019,B00015DYRK,0.0
3020,B00015E0Z0,0.0
3021,B00015E11I,0.0
3022,B00015E1CW,0.0
3023,B00015E29Y,0.0
3024,B00015E2C6,0.0
3025,B00015E8E8,0.0
3026,B00015E8GQ,0.0
3027,B00015EBL8,0.0
3028,B00015G9YU,0.0
3029,B00015GWQ0,0.0
3030,B00015GWQU,-0.002242800879241
3031,B00015HBD8,0.0
3032,B00015HBE2,0.0
3033,B00015HBEC,0.0
3034,B00015HBEM,0.0
3035,B00015HBEW,0.0
3036,B00015HN40,0.0
3037,B00015HNWC,0.0
3038,B00015HNX6,0.0
3039,B00015HO6C,0.0
3040,B00015HRWS,0.0
3041,B00015JNN4,0.0
3042,B00015JNNO,0.0
3043,B00015JO60,0.0
3044,B00015JO92,0.0
3045,B00015UX3S,0.0
3046,B00015WMV4,0.0
3047,B00015WMVE,0.0
3048,B00015WOE4,0.0
3049,B00015WOEE,0.0
3050,B00015WOEY,0.0
3051,B00015WOFS,0.0
3052,B00015WOYE,0.0
3053,B00015WRKK,0.0
3054,B00015WV2O,0.0
3055,B00015X75Y,0.0
3056,B00015XA9W,0.0
3057,B00015XAQ0,0.0
3058,B00015XAQA,0.0
3059,B000168C58,0.0
3060,B000168CIA,0.0
3061,B000168CJO,0.0
3062,B000169EM8,0.0
3063,B00016AJVS,0.0
3064,B00016KM8S,0.0
3065,B00016KMAQ,0.0
3066,B00016KMIS,0.0
3067,B00016KML0,0.0
3068,B00016QHN2,0.0
3069,B00016QOL2,0.0
3070,B00016QOMQ,0.0
3071,B00016QOOO,0.0
3072,B00016QOQM,0.0
3073,B00016QOSK,0.0
3074,B00016QP16,0.0
3075,B00016QP34,0.0
3076,B00016QP3O,0.0
3077,B00016QRG4,0.0
3078,B00016QRTQ,0.0
3079,B00016QRV4,0.0
3080,B00016QRXC,0.0
3081,B00016QRZK,0.0
3082,B00016QS0Y,0.0
3083,B00016QS5E,0.0
3084,B00016QS5O,0.0
3085,B00016QSAO,0.0
3086,B00016QSS6,0.0
3087,B00016QT7G,0.0
3088,B00016QTAI,0.0
3089,B00016QTUS,0.0
3090,B00016QTZI,0.0
3091,B00016QUI4,0.0
3092,B00016QW7S,0.0
3093,B00016QW8C,0.0
3094,B00016QW8M,0.0
3095,B00016QY9O,0.0
3096,B00016QYOO,0.0
3097,B00016QYP8,0.0
3098,B00016QYSA,0.0
3099,B00016QZ1G,0.0
3100,B00016QZBG,0.0
3101,B00016QZCK,0.0
3102,B00016R3C6,0.0
3103,B00016R3VC,0.0
3104,B00016R50G,0.0
3105,B00016R574,0.0
3106,B00016R57O,0.0
3107,B00016R57Y,0.0
3108,B00016R592,0.0
3109,B00016R5BK,0.0
3110,B00016R5HO,0.0
3111,B00016RH6S,0.0
3112,B00016RHCC,0.0
3113,B00016RIIA,0.0
3114,B00016RM04,0.0
3115,B00016W5CE,0.0
3116,B00016W5CY,0.0
3117,B00016W5D8,0.0
3118,B00016WMZO,0.0
3119,B00016WN08,0.0
3120,B00016WOW0,0.0
3121,B00016WP9C,0.0
3122,B00016WPGA,0.0
3123,B00016WR9U,0.0
3124,B00016WRC2,0.0
3125,B00016WREA,0.0
3126,B00016WRFO,0.0
3127,B00016WRHC,0.0
3128,B00016WRLS,0.0
3129,B00016WS76,0.0
3130,B00016WSBC,0.0
3131,B00016WSHG,0.0
3132,B00016WSIK,0.0
3133,B00016WSIU,0.0
3134,B00016WSK8,0.0
3135,B00016WSKS,0.0
3136,B00016WSQM,0.0
3137,B00016WSR6,0.0
3138,B00016WSS0,0.0
3139,B00016WST4,0.0
3140,B00016WSWG,0.0
3141,B00016WSZI,0.0
3142,B00016WT0W,0.0
3143,B00016WT34,0.0
3144,B00016WU6A,0.0
3145,B00016WUB0,0.0
3146,B00016WUEC,0.0
3147,B00016WUEW,0.0
3148,B00016WUHO,0.0
3149,B00016WUI8,0.0
3150,B00016WULK,0.0
3151,B00016WUXI,0.0
3152,B00016WV6E,-0.003173388101125
3153,B00016WVAK,0.0
3154,B00016WVDC,0.0
3155,B00016WW2C,0.0
3156,B00016WW8Q,0.0
3157,B00016WW90,0.0
3158,B00016WWUO,0.0
3159,B00016WX26,0.0
3160,B00016WXEY,0.0
3161,B00016WY0W,0.0
3162,B00016WZX8,0.0
3163,B00016WZY2,0.0
3164,B00016X01Y,0.0
3165,B00016X02S,0.0
3166,B00016X04G,0.0
3167,B00016X064,0.0
3168,B00016X06O,0.0
3169,B00016X0HS,0.0
3170,B00016X10Y,0.0
3171,B00016X11I,0.0
3172,B00016X1DG,0.0
3173,B00016X212,0.0
3174,B00016X384,0.0
3175,B00016X39I,0.0
3176,B00016X3G6,0.0
3177,B00016X3KC,0.0
3178,B00016X3L6,0.0
3179,B00016X3LG,0.0
3180,B00016X3LQ,0.0
3181,B00016X3YS,-0.002242800879241
3182,B00016X41A,0.0
3183,B00016X604,0.0
3184,B00016X66I,0.0
3185,B00016X67C,0.0
3186,B00016X68G,0.0
3187,B00016X68Q,0.0
3188,B00016X6PY,0.0
3189,B00016X6ZE,0.0
3190,B00016X7Q2,0.0
3191,B00016X848,0.0
3192,B00016X84I,0.0
3193,B00016X8G6,0.0
3194,B00016X8LG,0.0
3195,B00016X8MK,0.0
3196,B00016X98S,0.0
3197,B00016X9BA,0.0
3198,B00016X9DS,0.0
3199,B00016X9JW,0.0
3200,B00016X9M4,0.0
3201,B00016XA0K,0.0
3202,B00016XAA0,0.0
3203,B00016XAJ6,0.0
3204,B00016XAO6,0.0
3205,B00016XBCW,-0.002242800879241
3206,B00016XBEA,0.0
3207,B00016XC7G,0.0
3208,B00016XCE4,0.0
3209,B00016XCEO,0.0
3210,B00016XCGM,0.0
3211,B00016XCNK,0.0
3212,B00016XDVG,0.0
3213,B00016XGN6,0.0
3214,B00016XIPC,0.0
3215,B00016XIY8,0.0
3216,B00016XJ4M,-0.003173388101125
3217,B00016XJ7O,0.0
3218,B00016XJ8I,0.0
3219,B00016XJ8S,0.0
3220,B00016XJ92,0.0
3221,B00016XLRW,0.0
3222,B00016XM12,0.0
3223,B000172R58,0.0
3224,B000172R6C,0.0
3225,B000172R6W,0.0
3226,B000172R76,0.0
3227,B000172R8U,0.0
3228,B000172R9Y,0.0
3229,B000172RFS,0.0
3230,B000172RI0,0.0
3231,B000172RIK,0.0
3232,B000172RMG,0.0
3233,B000172RTO,0.0
3234,B000172SD4,0.0
3235,B000172SDE,0.0
3236,B000174KWG,0.0
3237,B000177FUK,0.0
3238,B000177FXW,0.0
3239,B0001783KG,0.0
3240,B0001783MY,0.0
3241,B00017UYMG,0.0
3242,B00017UYOY,0.0
3243,B00017UZ20,0.0
3244,B00017UZ2K,0.0
3245,B00017UZ2U,0.0
3246,B00017UZ3E,0.0
3247,B00017UZ3O,0.0
3248,B00017UZ4S,0.0
3249,B00017UZ5C,0.0
3250,B00017UZ5M,-0.002242800879241
3251,B00017UZ5W,0.0
3252,B00017UZ66,0.0
3253,B00017UZ7K,0.0
3254,B00017UZ7U,0.0
3255,B00017UZ84,0.0
3256,B00017UZ8Y,0.0
3257,B00017UZCA,0.0
3258,B00017UZD4,0.0
3259,B00017UZDE,0.0
3260,B00017V01A,0.0
3261,B00017X8PQ,0.0
3262,B00017X9TG,0.0
3263,B00017XA9K,0.0
3264,B00017XEZK,0.0
3265,B00017XF68,0.0
3266,B00017XGDU,0.0
3267,B00017XHG6,0.0
3268,B00017XIII,0.0
3269,B00017XJ64,0.0
3270,B00017XJRI,0.0
3271,B00017XJZK,0.0
3272,B00017XKJ0,0.0
3273,B00017XKOU,0.0
3274,B00017XLW6,0.0
3275,B00017XMUW,0.0
3276,B00017XN7E,0.0
3277,B00017XNEM,0.0
3278,B00017XPL8,0.0
3279,B00017XQAS,0.0
3280,B00017XQX0,0.0
3281,B00017XR7U,0.0
3282,B00017XRAC,0.0
3283,B00017XRBG,0.0
3284,B00017XRY8,0.0
3285,B00017XT46,0.0
3286,B00017XUN6,0.0
3287,B00017XWES,0.0
3288,B00017XWJ8,0.0
3289,B00017XWN4,0.0
3290,B00017XWZM,0.0
3291,B00017XYE6,0.0
3292,B00017XYNM,0.0
3293,B00017XZLI,0.0
3294,B00017XZTA,0.0
3295,B00017Y0V2,0.0
3296,B00017Y1HK,0.0
3297,B00017Y1KC,0.0
3298,B00017Y3QO,0.0
3299,B00017Y48Q,0.0
3300,B00017Y5HG,0.0
3301,B00017Y60C,0.0
3302,B00017Y63O,0.0
3303,B00017Y6ZW,0.0
3304,B00017Y8A0,0.0
3305,B00017Y8H8,0.0
3306,B00017Y9KO,0.0
3307,B00017YA1C,0.0
3308,B00017YAL2,0.0
3309,B00017YAMQ,0.0
3310,B00017YBF2,0.0
3311,B00017YBPM,0.0
3312,B00017YC9W,0.0
3313,B00017YCV0,0.0
3314,B00017YFH6,0.0
3315,B00017YI4Q,0.0
3316,B00017YI5K,0.0
3317,B00017YIFU,0.0
3318,B00017YJK4,0.0
3319,B00017YKGW,0.0
3320,B000181SQQ,0.0
3321,B000181SRA,0.0
3322,B000181SU2,0.0
3323,B000181SVQ,0.0
3324,B000181T24,0.0
3325,B000181T5G,0.0
3326,B000181T9C,0.0
3327,B000181TBK,0.0
3328,B000181TE2,0.0
3329,B000181TF6,0.0
3330,B000181TG0,0.0
3331,B000181TGA,0.0
3332,B000181TKQ,0.0
3333,B000181TL0,0.0
3334,B000181TM4,0.0
3335,B000181TMY,0.0
3336,B000184YF8,0.0
3337,B000184Z1G,0.0
3338,B000186X3E,0.0
3339,B000186X4I,0.0
3340,B000186X5M,0.0
3341,B000186X7A,0.0
3342,B000186X8O,0.0
3343,B000186X8Y,0.0
3344,B000186X98,0.0
3345,B000186XA2,0.0
3346,B000186XAM,0.0
3347,B000186XCA,0.0
3348,B000186XCU,0.0
3349,B000186XHA,0.0
3350,B000186XM0,0.0
3351,B000186XRU,0.0
3352,B0001884UY,0.0
3353,B0001886D4,0.0
3354,B0001886DO,0.0
3355,B000189520,0.0
3356,B000189L8I,0.0
3357,B000189MYG,0.0
3358,B000189NLS,0.0
3359,B000189NM2,0.0
3360,B000189VA6,0.0
3361,B00018D4DQ,0.0
3362,B00018H702,0.0
3363,B00018H72A,0.0
3364,B00018K1DC,0.0
3365,B00018KV1E,0.0
3366,B00018QGDG,0.0
3367,B00018TMM8,0.0
3368,B00018TMV4,0.0
3369,B00018TY94,0.0
3370,B000192CLU,0.0
3371,B000194XYE,0.0
3372,B000194XZS,0.0
3373,B000194Y6G,0.0
3374,B000194Y7U,0.0
3375,B000194Y9S,0.0
3376,B000194YCK,0.0
3377,B000194YPC,0.0
3378,B000194YQ6,0.0
3379,B000194YUM,0.0
3380,B000194Z4C,0.0
3381,B000194ZRE,0.0
3382,B000194ZZG,0.0
3383,B0001950NC,0.0
3384,B00019510O,0.0
3385,B0001951A4,0.0
3386,B0001951JA,0.0
3387,B0001951OK,0.0
3388,B00019535W,0.0
3389,B000195BMC,0.0
3390,B000195F1E,0.0
3391,B000195F3W,0.0
3392,B000195FCI,0.0
3393,B000195GAY,-0.002242800879241
3394,B000195HSA,0.0
3395,B000195HSU,0.0
3396,B000195ILQ,0.0
3397,B000195JC4,0.0
3398,B000195JFQ,0.0
3399,B000195JVU,0.0
3400,B000195K14,0.0
3401,B000195K28,0.0
3402,B000195K5U,0.0
3403,B000195KIW,0.0
3404,B000195KLE,0.0
3405,B000195LZO,0.0
3406,B000195MTE,0.0
3407,B000195MWG,0.0
3408,B000195N34,0.0
3409,B000195NDE,0.0
3410,B000195NLG,0.0
3411,B000195NM0,0.0
3412,B000195NOI,0.0
3413,B000195NTS,0.0
3414,B000195NUC,0.0
3415,B000195NVQ,0.0
3416,B000195P96,0.0
3417,B000195QCC,0.0
3418,B000195R7G,0.0
3419,B000195RKS,0.0
3420,B000195RNK,0.0
3421,B000195RSA,0.0
3422,B000195S7A,0.0
3423,B000195STS,0.0
3424,B000195TPG,0.0
3425,B000195U1O,0.0
3426,B000195UMI,0.0
3427,B000195UPU,0.0
3428,B000195US2,0.0
3429,B000196DPG,0.0
3430,B000196DPQ,0.0
3431,B000196DQK,0.0
3432,B000196DRE,0.0
3433,B000196DRY,0.0
3434,B000196U04,0.0
3435,B000199BPA,0.0
3436,B00019A97E,0.0
3437,B00019A97O,0.0
3438,B00019A9AG,0.0
3439,B00019A9AQ,0.0
3440,B00019DOEE,0.0
3441,B00019DTNU,0.0
3442,B00019HB1G,0.0
3443,B00019HB20,0.0
3444,B00019HU7G,0.0
3445,B00019HUOY,0.0
3446,B00019HUYE,0.0
3447,B00019HVFC,0.0
3448,B00019HW6K,0.0
3449,B00019MJPY,0.0
3450,B00019MKN0,0.0
3451,B00019MKY4,0.0
3452,B00019ODA8,0.0
3453,B00019ODAI,0.0
3454,B00019YZDI,0.0
3455,B0001A0AAO,0.0
3456,B0001A9OD8,0.0
3457,B0001AD4PM,0.0
3458,B0001AD4QQ,0.0
3459,B0001AD4SE,0.0
3460,B0001AD4UC,0.0
3461,B0001AD4V6,0.0
3462,B0001AD4VQ,0.0
3463,B0001AD4XE,0.0
3464,B0001AF6OY,0.0
3465,B0001AF6QC,0.0
3466,B0001AF6QM,0.0
3467,B0001AFIBK,0.0
3468,B0001AFICE,0.0
3469,B0001AFIFQ,0.0
3470,B0001AFJAK,0.0
3471,B0001AFJD2,0.0
3472,B0001AFK8G,0.0
3473,B0001AFKHC,0.0
3474,B0001AFKM2,0.0
3475,B0001AFL4O,0.0
3476,B0001AFL62,0.0
3477,B0001AFM7K,0.0
3478,B0001AFM8O,0.0
3479,B0001AGMWE,-0.002242800879241
3480,B0001APTHS,0.0
3481,B0001APV44,0.0
3482,B0001APXRY,0.0
3483,B0001APZ40,0.0
3484,B0001AQC1U,0.0
3485,B0001AQC3S,0.0
3486,B0001AQC42,0.0
3487,B0001AQC5Q,0.0
3488,B0001AQC7O,0.0
3489,B0001AQCCE,0.0
3490,B0001AQCDI,0.0
3491,B0001AQCII,0.0
3492,B0001AQCPQ,0.0
3493,B0001AQCQ0,0.0
3494,B0001AQCVU,0.0
3495,B0001AQCWO,0.0
3496,B0001AQCXI,0.0
3497,B0001AQCZ6,0.0
3498,B0001AQKAI,0.0
3499,B0001AREX0,0.0
3500,B0001ARFLQ,0.0
3501,B0001AVSU0,0.0
3502,B0001AVSVY,0.0
3503,B0001AVSX2,0.0
3504,B0001B529M,0.0
3505,B0001B52D8,0.0
3506,B0001B52EM,0.0
3507,B0001B52G0,0.0
3508,B0001B5526,0.0
3509,B0001B552G,0.0
3510,B0001B55VM,0.0
3511,B0001B56WU,0.0
3512,B0001B56XE,0.0
3513,B0001B57CY,0.0
3514,B0001B57M4,0.0
3515,B0001B74RA,0.0
3516,B0001B7MWM,0.0
3517,B0001B86HM,0.0
3518,B0001B86ZO,0.0
3519,B0001B871C,0.0
3520,B0001B8SA2,0.0
3521,B0001BG54S,0.0
3522,B0001BG57U,0.0
3523,B0001BG584,0.0
3524,B0001BNKL4,0.0
3525,B0001BNKSM,0.0
3526,B0001BNKXC,0.0
3527,B0001BNLUO,0.0
3528,B0001BNLZO,0.0
3529,B0001BNM1C,0.0
3530,B0001BNNZM,0.0
3531,B0001BNO74,0.0
3532,B0001BNPF0,0.0
3533,B0001BNQE0,0.0
3534,B0001BNRI0,0.0
3535,B0001BNRJO,0.0
3536,B0001BNSQG,0.0
3537,B0001BNT24,0.0
3538,B0001BNT7Y,0.0
3539,B0001BNTJM,0.0
3540,B0001BNU5A,0.0
3541,B0001BNU8C,0.0
3542,B0001BNV68,0.0
3543,B0001BNWA8,0.0
3544,B0001BNWGM,0.0
3545,B0001BNWKI,0.0
3546,B0001BNYQ0,0.0
3547,B0001BNYZ6,0.0
3548,B0001BNZ9G,0.0
3549,B0001BNZIC,0.0
3550,B0001BNZRI,0.0
3551,B0001BO4DM,0.0
3552,B0001BO6HG,0.0
3553,B0001BO8F6,0.0
3554,B0001BO9YQ,0.0
3555,B0001BOB76,0.0
3556,B0001BOBO4,0.0
3557,B0001BOC0M,0.0
3558,B0001BOF5Y,0.0
3559,B0001BOFPO,0.0
3560,B0001BOGGM,0.0
3561,B0001BOIM4,0.0
3562,B0001BOJ5U,0.0
3563,B0001BOJGO,0.0
3564,B0001BOLQC,0.0
3565,B0001BOMFC,0.0
3566,B0001BON7O,0.0
3567,B0001BONUQ,0.0
3568,B0001BOPFY,0.0
3569,B0001BOPZO,0.0
3570,B0001BOQ94,0.0
3571,B0001BOQG2,0.0
3572,B0001BORPC,0.0
3573,B0001BOS9M,0.0
3574,B0001BOU0O,0.0
3575,B0001BOWN4,0.0
3576,B0001BOWUM,0.0
3577,B0001BOZPO,0.0
3578,B0001BP0S0,0.0
3579,B0001BXT4C,0.0
3580,B0001BY7B6,0.0
3581,B0001C0E7G,0.0
3582,B0001CI3ME,0.0
3583,B0001CI3QA,0.0
3584,B0001CI3R4,0.0
3585,B0001CI3WE,0.0
3586,B0001CNN74,0.0
3587,B0001CNNDS,0.0
3588,B0001D35FI,0.0
3589,B0001D6KXC,0.0
3590,B0001DBM30,0.0
3591,B0001DBM3U,0.0
3592,B0001DDJZO,0.0
3593,B0001DDK1M,0.0
3594,B0001DDK2G,0.0
3595,B0001DHH0C,0.0
3596,B0001DHH0M,0.0
3597,B0001DHH0W,0.0
3598,B0001DHH1G,0.0
3599,B0001DHH2K,0.0
3600,B0001DHH2U,0.0
3601,B0001DTYVM,0.0
3602,B0001DYRH8,0.0
3603,B0001EJO34,0.0
3604,B0001EKQOK,0.0
3605,B0001EKQRW,0.0
3606,B0001EKRSU,0.0
3607,B0001EKRWG,0.0
3608,B0001EKRYO,0.0
3609,B0001EKS0C,0.0
3610,B0001EKS3O,0.0
3611,B0001EKS5W,0.0
3612,B0001EKS6G,0.0
3613,B0001EKSJ8,0.0
3614,B0001EKSKW,0.0
3615,B0001EKSNE,0.0
3616,B0001EKSRK,0.0
3617,B0001EKSZC,0.0
3618,B0001EKSZM,0.0
3619,B0001EKSZW,0.0
3620,B0001EKT06,0.0
3621,B0001EKT0G,0.0
3622,B0001EKT4C,0.0
3623,B0001EKT5G,0.0
3624,B0001EKTBU,0.0
3625,B0001EKTD8,0.0
3626,B0001EKTTC,0.0
3627,B0001EKTU6,0.0
3628,B0001EKTXS,0.0
3629,B0001EKTZQ,-0.002242800879241
3630,B0001EKU28,0.0
3631,B0001EKUNC,0.0
3632,B0001EKUQ4,-0.002242800879241
3633,B0001EKUWI,0.0
3634,B0001EKVG8,0.0
3635,B0001EKVGS,0.0
3636,B0001EKVNQ,0.0
3637,B0001EKW9O,0.0
3638,B0001EKWA8,0.0
3639,B0001EKWL2,0.0
3640,B0001EKWNK,0.0
3641,B0001EKWPI,0.0
3642,B0001EKWWQ,0.0
3643,B0001EKXAM,0.0
3644,B0001EKXTS,0.0
3645,B0001EKXUC,0.0
3646,B0001EKY06,0.0
3647,B0001EKY0G,0.0
3648,B0001EKY38,0.0
3649,B0001EKYB0,0.0
3650,B0001EKYBK,0.0
3651,B0001EKYEW,0.0
3652,B0001EKYF6,0.0
3653,B0001EKYFQ,0.0
3654,B0001EKYHO,0.0
3655,B0001EKYJM,0.0
3656,B0001EKYJW,-0.002242800879241
3657,B0001EKYKG,0.0
3658,B0001EKYL0,0.0
3659,B0001EKYLA,0.0
3660,B0001EKYM4,0.0
3661,B0001EKYNS,0.0
3662,B0001EKYO2,0.0
3663,B0001EKYOC,0.0
3664,B0001EKYOM,0.0
3665,B0001EKYOW,0.0
3666,B0001EKYQA,0.0
3667,B0001EKYRO,0.0
3668,B0001EKYSI,0.0
3669,B0001EKYTM,0.0
3670,B0001EKYVA,0.0
3671,B0001EKYW4,0.0
3672,B0001EKZ0A,0.0
3673,B0001EKZ3C,0.0
3674,B0001EKZ5A,0.0
3675,B0001EKZHS,0.0
3676,B0001EKZIM,0.0
3677,B0001EL0CW,0.0
3678,B0001EL0LI,0.0
3679,B0001EL0NQ,0.0
3680,B0001EL0PY,0.0
3681,B0001EL0UY,-0.002242800879241
3682,B0001EL0W2,0.0
3683,B0001EL0WC,0.0
3684,B0001EL130,0.0
3685,B0001EL13A,0.0
3686,B0001EL16W,0.0
3687,B0001EL176,0.0
3688,B0001EL18U,0.0
3689,B0001EL1FS,0.0
3690,B0001EL252,0.0
3691,B0001EL2BG,0.0
3692,B0001EL2G6,0.0
3693,B0001EL3YW,0.0
3694,B0001EL400,0.0
3695,B0001EL40A,0.0
3696,B0001EL4M8,0.0
3697,B0001EL4N2,0.0
3698,B0001EL5F4,0.0
3699,B0001EL5FO,0.0
3700,B0001EL5JA,0.0
3701,B0001EL5OU,0.0
3702,B0001EL5Q8,0.0
3703,B0001EL5R2,0.0
3704,B0001EL658,0.0
3705,B0001EL7BQ,0.0
3706,B0001EL7CU,0.0
3707,B0001EL7D4,0.0
3708,B0001EL7DE,0.0
3709,B0001EL7H0,0.0
3710,B0001EL8CE,0.0
3711,B0001EL97S,0.0
3712,B0001EL9AA,0.0
3713,B0001EL9AK,0.0
3714,B0001EL9DC,0.0
3715,B0001EL9JQ,0.0
3716,B0001EMLH0,0.0
3717,B0001EQO28,0.0
3718,B0001EQO32,0.0
3719,B0001F32UY,0.0
3720,B0001F3QQE,0.0
3721,B0001F3QSC,0.0
3722,B0001F3UKQ,0.0
3723,B0001F3UM4,0.0
3724,B0001F3UN8,0.0
3725,B0001F3UOC,0.0
3726,B0001FBV1G,0.0
3727,B0001FBVIE,0.0
3728,B0001FBXUU,0.0
3729,B0001FBYP4,0.0
3730,B0001FF80G,0.0
3731,B0001FFJI2,0.0
3732,B0001FSTUC,0.0
3733,B0001FSTUW,0.0
3734,B0001FVFB2,0.0
3735,B0001G6Y2Q,0.0
3736,B0001G6YAI,0.0
3737,B0001G6Z02,0.0
3738,B0001G6Z66,0.0
3739,B0001G6Z7A,0.0
3740,B0001G6ZNO,0.0
3741,B0001G727M,0.0
3742,B0001G72A4,0.0
3743,B0001G734Y,0.0
3744,B0001G7420,0.0
3745,B0001G74ZW,0.0
3746,B0001G765K,0.0
3747,B0001G76UU,0.0
3748,B0001G78JE,0.0
3749,B0001G790M,0.0
3750,B0001G79ES,0.0
3751,B0001G79P2,0.0
3752,B0001G79PM,0.0
3753,B0001G7B8W,0.0
3754,B0001G7CB8,0.0
3755,B0001G7EUW,0.0
3756,B0001G7F38,0.0
3757,B0001G7GIW,0.0
3758,B0001G7H6S,0.0
3759,B0001G7I58,0.0
3760,B0001G7I76,0.0
3761,B0001G7ICQ,0.0
3762,B0001G7IMG,0.0
3763,B0001G7IPS,0.0
3764,B0001G7JB6,0.0
3765,B0001G7JGQ,0.0
3766,B0001G7JMU,0.0
3767,B0001G7K4M,0.0
3768,B0001GDKVE,0.0
3769,B0001GF0I0,0.0
3770,B0001GL78M,0.0
3771,B0001GL79G,0.0
3772,B0001GSL0O,0.0
3773,B0001GV0I4,0.0
3774,B0001GV0IE,0.0
3775,B0001GV0J8,-0.002242800879241
3776,B0001HA8VS,0.0
3777,B0001HKS6S,0.0
3778,B0001HQ2WC,0.0
3779,B0001HYML0,0.0
3780,B0001HYMLA,0.0
3781,B0001I8ZPS,0.0
3782,B0001I8ZQ2,0.0
3783,B0001I8ZT4,0.0
3784,B0001IEWSC,0.0
3785,B0001IEYDA,0.0
3786,B0001IPZ5Q,0.0
3787,B0001IPZ6A,0.0
3788,B0001IPZ6K,0.0
3789,B0001IPZ7E,0.0
3790,B0001IPZ92,0.0
3791,B0001IPZAQ,0.0
3792,B0001IPZBA,0.0
3793,B0001IPZBK,0.0
3794,B0001ITV6U,0.0
3795,B0001ITVBU,0.0
3796,B0001J3RGY,0.0
3797,B0001J3RHI,0.0
3798,B0001J3RJG,0.0
3799,B0001J3RP0,0.0
3800,B0001J3RUK,0.0
3801,B0001K0POK,0.0
3802,B0001K0PTK,0.0
3803,B0001K55NG,0.0
3804,B0001K55O0,0.0
3805,B0001K55PO,0.0
3806,B0001K55QS,0.0
3807,B0001K55RC,0.0
3808,B0001K55RM,0.0
3809,B0001K55RW,0.0
3810,B0001K55S6,0.0
3811,B0001K61SE,0.0
3812,B0001KBP08,0.0
3813,B0001KBP1C,0.0
3814,B0001KBP7G,0.0
3815,B0001KBP7Q,0.0
3816,B0001KBP8K,0.0
3817,B0001KBPBC,0.0
3818,B0001KBR1A,0.0
3819,B0001KO7PI,0.0
3820,B0001KO7R6,0.0
3821,B0001KO7S0,0.0
3822,B0001KOCL2,0.0
3823,B0001KOQ0E,0.0
3824,B0001KOQ0O,0.0
3825,B0001KOQ0Y,0.0
3826,B0001KOQ1S,0.0
3827,B0001KOQ22,0.0
3828,B0001KXI3K,0.0
3829,B0001L3LXG,0.0
3830,B0001LAEHW,0.0
3831,B0001LAEW2,0.0
3832,B0001LAEZ4,0.0
3833,B0001LAEZO,0.0
3834,B0001LAF0I,0.0
3835,B0001LAF58,0.0
3836,B0001LGYRG,0.0
3837,B0001LGYRQ,0.0
3838,B0001LGYSK,0.0
3839,B0001LH6R8,0.0
3840,B0001LH6VY,0.0
3841,B0001LH6XM,0.0
3842,B0001LH6YG,0.0
3843,B0001LHD1C,0.0
3844,B0001LODGK,0.0
3845,B0001LONQ0,0.0
3846,B0001LONQU,0.0
3847,B0001LONR4,0.0
3848,B0001M0XWC,0.0
3849,B0001M11NC,0.0
3850,B0001M11NM,0.0
3851,B0001M1IA8,0.0
3852,B0001M1IGM,0.0
3853,B0001M1IJY,0.0
3854,B0001M1QAA,0.0
3855,B0001M3K4U,0.0
3856,B0001M3K5E,0.0
3857,B0001M3K6I,0.0
3858,B0001M3K72,0.0
3859,B0001M3K8G,0.0
3860,B0001M3KC2,0.0
3861,B0001M3KHM,0.0
3862,B0001M3KHW,0.0
3863,B0001M3KI6,0.0
3864,B0001M3KJ0,0.0
3865,B0001M3KK4,0.0
3866,B0001M3KKE,0.0
3867,B0001M3KKO,0.0
3868,B0001M3KKY,0.0
3869,B0001M3V3A,0.0
3870,B0001M3V3U,0.0
3871,B0001M3V8U,0.0
3872,B0001M3VCQ,0.0
3873,B0001M7D66,0.0
3874,B0001M7D7A,0.0
3875,B0001M7D84,0.0
3876,B0001M7DBQ,0.0
3877,B0001M7DFM,0.0
3878,B0001M7DHA,0.0
3879,B0001M7DHU,0.0
3880,B0001M7DIO,0.0
3881,B0001M7DIY,0.0
3882,B0001M7DK2,0.0
3883,B0001M7DKC,0.0
3884,B0001M7DKW,0.0
3885,B0001MBZLA,0.0
3886,B0001MC06Y,0.0
3887,B0001MC0W8,0.0
3888,B0001MC1H2,0.0
3889,B0001MDN4C,0.0
3890,B0001MF8R2,0.0
3891,B0001MKV1U,0.0
3892,B0001MKV2E,0.0
3893,B0001MKV2Y,0.0
3894,B0001MKV38,0.0
3895,B0001MKV42,0.0
3896,B0001MROQA,0.0
3897,B0001MSG8K,0.0
3898,B0001MSG8U,0.0
3899,B0001MSH16,0.0
3900,B0001MSH2A,0.0
3901,B0001MSH2K,0.0
3902,B0001MSH2U,0.0
3903,B0001MSH34,0.0
3904,B0001MX8AG,0.0
3905,B0001N4AJI,0.0
3906,B0001N4AJS,0.0
3907,B0001N4AK2,0.0
3908,B0001N4AKW,0.0
3909,B0001N4AM0,0.0
3910,B0001N65BE,0.0
3911,B0001N65BO,0.0
3912,B0001N65BY,0.0
3913,B0001NAY3E,0.0
3914,B0001NAYJS,0.0
3915,B0001NAYOI,0.0
3916,B0001NLVYK,0.0
3917,B0001NXHB0,0.0
3918,B0001O2SMI,0.0
3919,B0001OOAII,0.0
3920,B0001OOEMU,0.0
3921,B0001OP410,0.0
3922,B0001ORWU6,0.0
3923,B0001QNKVO,0.0
3924,B0001QNL0Y,0.0
3925,B0001RHIGQ,0.0
3926,B0001S5PII,0.0
3927,B0001S5T16,0.0
3928,B0001S5TDY,0.0
3929,B0001S6WVW,0.0
3930,B0001S6WXK,0.0
3931,B0001S6WYO,0.0
3932,B0001TIKG6,0.0
3933,B0001TIL0Q,0.0
3934,B0001TJ0RY,0.0
3935,B0001TJ0WE,0.0
3936,B0001TJ8OO,0.0
3937,B0001TJLAA,0.0
3938,B0001TJS5S,0.0
3939,B0001TJX2Q,0.0
3940,B0001TJXLW,0.0
3941,B0001TM87S,0.0
3942,B0001TM8SC,0.0
3943,B0001TM8WI,0.0
3944,B0001TMAEY,0.0
3945,B0001TMB7K,0.0
3946,B0001TMDF0,0.0
3947,B0001TMDZ0,0.0
3948,B0001TO3NA,0.0
3949,B0001TODNK,0.0
3950,B0001TOH8G,0.0
3951,B0001TOJ0M,0.0
3952,B0001TOM18,0.0
3953,B0001TORA4,0.0
3954,B0001TOZ7Y,0.0
3955,B0001TOZCE,0.0
3956,B0001TP05A,0.0
3957,B0001TP0H8,0.0
3958,B0001TP2H6,0.0
3959,B0001TP7XK,0.0
3960,B0001TPACS,0.0
3961,B0001TPAT6,0.0
3962,B0001TPBSG,0.0
3963,B0001TPRGM,0.0
3964,B0001TPRZI,0.0
3965,B0001TPTSS,0.0
3966,B0001TPZRS,0.0
3967,B0001TQ0I6,0.0
3968,B0001TQ2AC,0.0
3969,B0001TQ4MI,0.0
3970,B0001TQ5MW,0.0
3971,B0001TQ6JE,0.0
3972,B0001TQ9WI,0.0
3973,B0001TQ9Z0,-0.002242800879241
3974,B0001TQA22,0.0
3975,B0001TQA6S,0.0
3976,B0001TQBLM,0.0
3977,B0001TQC52,0.0
3978,B0001TQDOM,0.0
3979,B0001TQMO8,0.0
3980,B0001TRAFS,0.0
3981,B0001TRDBO,0.0
3982,B0001TRDEG,0.0
3983,B0001TREHC,0.0
3984,B0001TRJB8,0.0
3985,B0001TROEU,0.0
3986,B0001TRUL2,0.0
3987,B0001TS1CY,0.0
3988,B0001TS1E2,0.0
3989,B0001TS4TO,0.0
3990,B0001TSG3S,0.0
3991,B0001TSJPI,0.0
3992,B0001TSJS0,0.0
3993,B0001TSK02,0.0
3994,B0001TSNK4,0.0
3995,B0001TSP98,0.0
3996,B0001TSWWS,0.0
3997,B0001TSX0Y,0.0
3998,B0001UFPD6,0.0
3999,B0001UGOR2,0.0
4000,B0001UMQ5Q,0.0
4001,B0001UWRCI,0.0
4002,B0001V2CKE,0.0
4003,B0001V2COU,0.0
4004,B0001V3QY0,0.0
4005,B0001V4AO0,0.0
4006,B0001V52N8,0.0
4007,B0001V55HG,0.0
4008,B0001V59EA,0.0
4009,B0001VKL7U,0.0
4010,B0001VKNZA,0.0
4011,B0001VKWYM,0.0
4012,B0001VNWSU,0.0
4013,B0001VOIVU,0.0
4014,B0001VOJWI,0.0
4015,B0001VRNZ8,0.0
4016,B0001VUCAQ,0.0
4017,B0001VUENQ,0.0
4018,B0001VUGR0,0.0
4019,B0001VUHFG,0.0
4020,B0001VUHJM,0.0
4021,B0001VUHUG,0.0
4022,B0001VUHY2,0.0
4023,B0001VUJDQ,0.0
4024,B0001W95BM,0.0
4025,B0001WAMN2,0.0
4026,B0001WDDYM,0.0
4027,B0001WHXZC,0.0
4028,B0001WHXZM,0.0
4029,B0001WHY0G,0.0
4030,B0001WJ6M0,0.0
4031,B0001WJ6NE,0.0
4032,B0001WN1MQ,0.0
4033,B0001WN9EQ,0.0
4034,B0001WXWEI,0.0
4035,B0001X0TXO,0.0
4036,B0001X6DLG,0.0
4037,B0001XAHHC,0.0
4038,B0001XDTM2,0.0
4039,B0001XDTNG,0.0
4040,B0001XDTRM,0.0
4041,B0001XDTTK,0.0
4042,B0001XDU2Q,0.0
4043,B0001XDU94,0.0
4044,B0001XDU9E,0.0
4045,B0001XDUBC,0.0
4046,B0001XDUC6,0.0
4047,B0001XDZQM,0.0
4048,B0001XE08O,0.0
4049,B0001XE08Y,0.0
4050,B0001XE0AM,0.0
4051,B0001XE0C0,0.0
4052,B0001XE0GQ,0.0
4053,B0001XGNGQ,0.0
4054,B0001XKA2Y,0.0
4055,B0001XKA38,0.0
4056,B0001XKA3I,0.0
4057,B0001XKA3S,0.0
4058,B0001XKA42,0.0
4059,B0001XKA4C,0.0
4060,B0001XKA4M,0.0
4061,B0001XKA56,0.0
4062,B0001XLPBY,0.0
4063,B0001XLRLM,0.0
4064,B0001XLSOS,0.0
4065,B0001XLSP2,0.0
4066,B0001XLSPC,0.0
4067,B0001XLSQ6,0.0
4068,B0001XLSQG,0.0
4069,B0001XLSR0,0.0
4070,B0001XLSRA,0.0
4071,B0001XLSSE,0.0
4072,B0001XLSSY,0.0
4073,B0001XLYRO,0.0
4074,B0001XOGDS,0.0
4075,B0001XQNLQ,0.0
4076,B0001XQNM0,0.0
4077,B0001XQNMK,0.0
4078,B0001XQNMU,0.0
4079,B0001XQNN4,0.0
4080,B0001XQNNE,0.0
4081,B0001XQNNY,0.0
4082,B0001XQNOI,0.0
4083,B0001XQNPM,0.0
4084,B0001XQNPW,0.0
4085,B0001XQNQ6,0.0
4086,B0001XQNQQ,0.0
4087,B0001XU9YI,0.0
4088,B0001XUA06,0.0
4089,B0001XV6DQ,0.0
4090,B0001XVJLA,0.0
4091,B0001XWFHC,0.0
4092,B0001XXC7O,0.0
4093,B0001Y74H2,0.0
4094,B0001Y74KO,0.0
4095,B0001Y74SG,0.0
4096,B0001Y74TA,0.0
4097,B0001Y74TU,0.0
4098,B0001Y74VS,0.0
4099,B0001Y74WM,0.0
4100,B0001Y74XG,-0.002242800879241
4101,B0001Y7BKC,0.0
4102,B0001Y7BL6,0.0
4103,B0001Y7P12,0.0
4104,B0001Y7P2G,0.0
4105,B0001Y9UTW,0.0
4106,B0001YA2PS,0.0
4107,B0001YA6V8,0.0
4108,B0001YA6VI,0.0
4109,B0001YJ934,0.0
4110,B0001YNQF6,0.0
4111,B0001YNT5S,0.0
4112,B0001YNVW4,0.0
4113,B0001YNYBM,0.0
4114,B0001YNZ7U,0.0
4115,B0001YO0XS,0.0
4116,B0001YOCQ8,0.0
4117,B0001YOFU6,0.0
4118,B0001YOHUE,0.0
4119,B0001YOMD6,0.0
4120,B0001YOMT0,0.0
4121,B0001YOP4M,0.0
4122,B0001YOPVA,0.0
4123,B0001YOPWO,0.0
4124,B0001YOSSU,0.0
4125,B0001YOUFG,0.0
4126,B0001YQTL4,0.0
4127,B0001YQTLE,0.0
4128,B0001YQTO6,0.0
4129,B0001YXXUY,0.0
4130,B0001Z5YO6,0.0
4131,B0001Z5YR8,0.0
4132,B0001Z5YZK,0.0
4133,B0001Z5Z0E,0.0
4134,B0001Z5Z0Y,0.0
4135,B0001Z5Z6S,0.0
4136,B0001Z5Z9K,0.0
4137,B0001Z5ZHM,0.0
4138,B0001Z5ZJ0,0.0
4139,B0001Z5ZQ8,0.0
4140,B0001Z5ZVI,0.0
4141,B0001Z602G,0.0
4142,B0001Z66UM,0.0
4143,B0001Z7Y6C,0.0
4144,B0001Z980C,0.0
4145,B0001Z982U,0.0
4146,B0001Z984I,0.0
4147,B0001Z991K,0.0
4148,B0001Z9956,0.0
4149,B0001ZA3Y2,0.0
4150,B0001ZA3ZG,0.0
4151,B0001ZA4CS,0.0
4152,B0001ZA4K0,0.0
4153,B0001ZI0W4,0.0
4154,B0001ZMXSQ,-0.002242800879241
4155,B0001ZQKSK,0.0
4156,B0001ZR63I,0.0
4157,B0001ZR642,0.0
4158,B0001ZR64M,0.0
4159,B0001ZW16U,0.0
4160,B0001ZW55C,0.0
4161,B0001ZWM8C,0.0
4162,B0001ZWM8M,0.0
4163,B0001ZWMMI,0.0
4164,B0001ZWMN2,0.0
4165,B0001ZWMPK,0.0
4166,B0001ZWOKI,0.0
4167,B0001ZWP6Q,0.0
4168,B0001ZWP7U,0.0
4169,B0001ZWP84,0.0
4170,B0001ZWPIO,0.0
4171,B0001ZWQUQ,0.0
4172,B0001ZWR7S,0.0
4173,B0001ZWRQE,0.0
4174,B0001ZWRUA,0.0
4175,B0001ZWTWG,0.0
4176,B0001ZWVUQ,0.0
4177,B0001ZYL3Q,0.0
4178,B0001ZYLAO,0.0
4179,B0001ZYNES,0.0
4180,B0001ZZ7TS,0.0
4181,B0001ZZCVG,0.0
4182,B0001ZZD6U,0.0
4183,B0001ZZH0M,0.0
4184,B0001ZZHKM,0.0
4185,B0001ZZK0O,0.0
4186,B0001ZZK18,0.0
4187,B0001ZZKIG,0.0
4188,B0001ZZN9C,0.0
4189,B0001ZZNOM,0.0
4190,B0001ZZOBE,0.0
4191,B0001ZZPAO,0.0
4192,B0001ZZQ5S,0.0
4193,B0001ZZSRY,0.0
4194,B0001ZZSS8,0.0
4195,B0001ZZSSS,0.0
4196,B0001ZZTYQ,0.0
4197,B0001ZZUBS,0.0
4198,B0001ZZUC2,0.0
4199,B0001ZZUCW,0.0
4200,B0001ZZUDG,0.0
4201,B0001ZZUDQ,0.0
4202,B0001ZZUFO,0.0
4203,B000200JK4,0.0
4204,B0002030QO,0.0
4205,B0002030QY,0.0
4206,B00020DY2O,0.0
4207,B00020E1P8,0.0
4208,B00020E1QM,0.0
4209,B00020E252,0.0
4210,B00020E298,0.0
4211,B00020EHYI,0.0
4212,B00020EI06,0.0
4213,B00020EY8W,0.0
4214,B00020HDEE,0.0
4215,B00020HNEE,0.0
4216,B00020HO1Q,0.0
4217,B00020HRUE,0.0
4218,B00020IGVS,0.0
4219,B00020LHWS,0.0
4220,B00020M6YG,0.0
4221,B00020M6YQ,0.0
4222,B00020M6ZA,0.0
4223,B00020M6ZU,0.0
4224,B00020NL0Y,0.0
4225,B00020NYLU,0.0
4226,B00020QJEE,0.0
4227,B00020UR2O,0.0
4228,B00020UR2Y,0.0
4229,B00020URDI,0.0
4230,B00020URGA,0.0
4231,B00020VHF0,0.0
4232,B00020VHMI,0.0
4233,B00020YY28,0.0
4234,B00020YY2I,0.0
4235,B00020YY3C,0.0
4236,B00020YY3M,0.0
4237,B00020YYSW,0.0
4238,B00020YYT6,0.0
4239,B00020YZG8,0.0
4240,B00020YZU4,0.0
4241,B00020Z2I8,-0.002242800879241
4242,B00020Z2K6,0.0
4243,B000214594,0.0
4244,B000214D5A,0.0
4245,B000214F8K,0.0
4246,B000214REW,0.0
4247,B00021598U,0.0
4248,B000215WQ4,0.0
4249,B0002162VI,0.0
4250,B000216N6C,0.0
4251,B000216R2C,0.0
4252,B000216TD4,0.0
4253,B000216TES,0.0
4254,B000216TFM,0.0
4255,B0002170DC,0.0
4256,B0002170M8,0.0
4257,B00021714A,0.0
4258,B00021719A,0.0
4259,B00021719U,0.0
4260,B0002171BS,0.0
4261,B0002171VI,0.0
4262,B0002171WW,0.0
4263,B0002172K8,0.0
4264,B00021760Y,0.0
4265,B0002176M2,0.0
4266,B0002176OA,0.0
4267,B0002177Y4,0.0
4268,B000217AMS,0.0
4269,B000217CQC,0.0
4270,B000217D1G,0.0
4271,B000217FN2,0.0
4272,B000217G9K,0.0
4273,B000217I9I,0.0
4274,B000217KFK,0.0
4275,B000217KSM,0.0
4276,B000217L7M,0.0
4277,B000217LOA,0.0
4278,B000217M26,0.0
4279,B000217MY4,0.0
4280,B000217N98,0.0
4281,B000217OEW,0.0
4282,B000217OFG,0.0
4283,B000217P3C,0.0
4284,B000217Q18,0.0
4285,B000217RTY,0.0
4286,B000217VR2,0.0
4287,B000217Y2O,0.0
4288,B000217YBA,0.0
4289,B000217Z6Y,0.0
4290,B000217ZQY,0.0
4291,B000217ZXW,0.0
4292,B0002181C6,0.0
4293,B0002182AC,0.0
4294,B0002182L6,0.0
4295,B0002182MK,0.0
4296,B000219ZHQ,0.0
4297,B000219ZNA,0.0
4298,B000219ZSU,0.0
4299,B00021A0AM,0.0
4300,B00021A0CA,0.0
4301,B00021A57A,0.0
4302,B00021A5AC,0.0
4303,B00021A5L6,0.0
4304,B00021A5MU,0.0
4305,B00021A7W8,0.0
4306,B00021A7XC,0.0
4307,B00021A82W,0.0
4308,B00021A86S,0.0
4309,B00021A8CW,0.0
4310,B00021AA4I,0.0
4311,B00021ABE2,0.0
4312,B00021ABJ2,0.0
4313,B00021ACRI,0.0
4314,B00021ACW8,-0.002242800879241
4315,B00021AD9U,0.0
4316,B00021AE9E,0.0
4317,B00021AEJE,0.0
4318,B00021AEK8,0.0
4319,B00021AF3E,0.0
4320,B00021AFKM,0.0
4321,B00021AFM0,0.0
4322,B00021AGBU,0.0
4323,B00021AGHY,0.0
4324,B00021AHSC,0.0
4325,B00021AJ2G,0.0
4326,B00021AK4I,0.0
4327,B00021AKJI,0.0
4328,B00021AM9G,-0.002242800879241
4329,B00021AO1M,0.0
4330,B00021AO3U,0.0
4331,B00021AODU,0.0
4332,B00021AQ42,0.0
4333,B00021AQCY,0.0
4334,B00021AQVA,0.0
4335,B00021AR8M,0.0
4336,B00021ARPA,0.0
4337,B00021ASXG,0.0
4338,B00021AUVG,0.0
4339,B00021AV10,0.0
4340,B00021AWV4,0.0
4341,B00021AWW8,0.0
4342,B00021AYF8,0.0
4343,B00021B0JM,0.0
4344,B00021B114,0.0
4345,B00021B1JG,0.0
4346,B00021B1VO,0.0
4347,B00021B28Q,0.0
4348,B00021B2ZO,0.0
4349,B00021B36M,0.0
4350,B00021B4J8,0.0
4351,B00021B4S4,0.0
4352,B00021B66Y,0.0
4353,B00021B6KK,-0.002242800879241
4354,B00021B8L2,-0.002242800879241
4355,B00021B95M,0.0
4356,B00021B95W,0.0
4357,B00021B9W0,0.0
4358,B00021BA38,0.0
4359,B00021BB5K,0.0
4360,B00021BBWS,0.0
4361,B00021BCG8,0.0
4362,B00021BCRW,0.0
4363,B00021BD4Y,0.0
4364,B00021BE0M,0.0
4365,B00021BEXY,0.0
4366,B00021BF06,0.0
4367,B00021BGUA,0.0
4368,B00021BH9A,0.0
4369,B00021BI3A,0.0
4370,B00021BIGW,0.0
4371,B00021BMHM,0.0
4372,B00021BPNI,0.0
4373,B00021BQDW,0.0
4374,B00021BTPC,0.0
4375,B00021BTWK,0.0
4376,B00021BU7E,0.0
4377,B00021BUF6,0.0
4378,B00021BUFQ,0.0
4379,B00021BVIC,0.0
4380,B00021BVUU,0.0
4381,B00021BWXQ,0.0
4382,B00021BX0S,0.0
4383,B00021BX6M,0.0
4384,B00021BXBC,0.0
4385,B00021BYP2,0.0
4386,B00021BYR0,0.0
4387,B00021BZ8S,0.0
4388,B00021BZCO,0.0
4389,B00021C0JQ,0.0
4390,B00021C1LI,-0.0044923521035479
4391,B00021C2O4,0.0
4392,B00021C3LG,0.0
4393,B00021C49W,0.0
4394,B00021C5TQ,0.0
4395,B00021C5WI,0.0
4396,B00021C5Y6,0.0
4397,B00021C5ZU,0.0
4398,B00021C6XQ,0.0
4399,B00021C708,0.0
4400,B00021C9BA,0.0
4401,B00021CBAE,0.0
4402,B00021CCDU,0.0
4403,B00021CD3O,0.0
4404,B00021CD5C,0.0
4405,B00021CD66,0.0
4406,B00021CD70,0.0
4407,B00021CEI8,0.0
4408,B00021CHWQ,0.0
4409,B00021CI0C,0.0
4410,B00021CJEM,0.0
4411,B00021CKCS,0.0
4412,B00021CKFK,0.0
4413,B00021CKGO,0.0
4414,B00021CKHS,0.0
4415,B00021CLRC,0.0
4416,B00021CMCQ,0.0
4417,B00021CNCK,-0.0038885394561103
4418,B00021CNRK,0.0
4419,B00021CPC8,0.0
4420,B00021CPCS,0.0
4421,B00021CPKK,0.0
4422,B00021CSB6,0.0
4423,B00021CSBG,-0.002242800879241
4424,B00021CT0Q,0.0
4425,B00021CT10,0.0
4426,B00021CT2O,0.0
4427,B00021CT56,0.0
4428,B00021CT92,0.0
4429,B00021CTII,0.0
4430,B00021CTSI,0.0
4431,B00021CUBE,0.0
4432,B00021CUBO,0.0
4433,B00021CUD2,0.0
4434,B00021CUEG,0.0
4435,B00021CUF0,0.0
4436,B00021CUG4,0.0
4437,B00021CUHS,0.0
4438,B00021CUIC,0.0
4439,B00021CUM8,0.0
4440,B00021CUUA,0.0
4441,B00021CUWI,0.0
4442,B00021CV3G,0.0
4443,B00021CVZE,0.0
4444,B00021CWKS,0.0
4445,B00021CWOY,0.0
4446,B00021CWQM,0.0
4447,B00021CWQW,0.0
4448,B00021CWTE,0.0
4449,B00021CWYO,0.0
4450,B00021CX1Q,0.0
4451,B00021CX3O,0.0
4452,B00021CXTI,0.0
4453,B00021CXZM,0.0
4454,B00021CY1A,-0.002242800879241
4455,B00021CY42,0.0
4456,B00021CY74,0.0
4457,B00021CYLK,0.0
4458,B00021D144,0.0
4459,B00021D1DK,0.0
4460,B00021D3D8,0.0
4461,B00021D3FQ,0.0
4462,B00021D4R8,0.0
4463,B00021D4YQ,0.0
4464,B00021D5FY,0.0
4465,B00021D5PE,0.0
4466,B00021D5Q8,0.0
4467,B00021D6BM,0.0
4468,B00021D6DU,0.0
4469,B00021D6I0,0.0
4470,B00021D6JE,0.0
4471,B00021D6M6,0.0
4472,B00021D8IS,0.0
4473,B00021D8K6,0.0
4474,B00021D9A0,0.0
4475,B00021D9SC,0.0
4476,B00021D9YG,0.0
4477,B00021DA2M,0.0
4478,B00021DAH2,0.0
4479,B00021DAJU,0.0
4480,B00021DAL8,0.0
4481,B00021DB7G,0.0
4482,B00021DB7Q,0.0
4483,B00021DBA8,0.0
4484,B00021DBC6,0.0
4485,B00021DBF8,0.0
4486,B00021DBWG,0.0
4487,B00021DC70,0.0
4488,B00021DCRU,0.0
4489,B00021DDCE,0.0
4490,B00021DDDI,0.0
4491,B00021DDR4,0.0
4492,B00021DDYW,0.0
4493,B00021DE14,-0.002242800879241
4494,B00021DEP0,0.0
4495,B00021DESM,0.0
4496,B00021DEVE,0.0
4497,B00021DEZ0,-0.002242800879241
4498,B00021DEZK,0.0
4499,B00021DFEK,0.0
4500,B00021DG80,-0.002242800879241
4501,B00021DGM6,0.0
4502,B00021DGTE,0.0
4503,B00021DGUI,0.0
4504,B00021DH70,0.0
4505,B00021DH8O,0.0
4506,B00021DIP6,0.0
4507,B00021DIS8,0.0
4508,B00021DJ32,-0.003173388101125
4509,B00021DJZK,0.0
4510,B00021DK68,0.0
4511,B00021DKP4,0.0
4512,B00021DKQS,0.0
4513,B00021DKRM,0.0
4514,B00021DLN0,0.0
4515,B00021DLSK,0.0
4516,B00021DMFM,-0.002242800879241
4517,B00021DMWA,0.0
4518,B00021DN5G,0.0
4519,B00021DOGO,0.0
4520,B00021DOZ0,0.0
4521,B00021DP5Y,0.0
4522,B00021DP7C,0.0
4523,B00021DPBI,0.0
4524,B00021DPHW,-0.002242800879241
4525,B00021DPO0,0.0
4526,B00021DPTK,0.0
4527,B00021DPUO,0.0
4528,B00021DRU2,0.0
4529,B00021DRZC,0.0
4530,B00021DSBK,0.0
4531,B00021DSSS,0.0
4532,B00021DSVK,0.0
4533,B00021DSX8,0.0
4534,B00021DSZG,0.0
4535,B00021DT50,0.0
4536,B00021DT6O,0.0
4537,B00021DTEG,0.0
4538,B00021DTHI,0.0
4539,B00021DTP0,0.0
4540,B00021DTQY,0.0
4541,B00021DUDG,0.0
4542,B00021DUM2,-0.002242800879241
4543,B00021DUMW,0.0
4544,B00021DV94,0.0
4545,B00021DVCQ,-0.0038885394561103
4546,B00021DVEY,0.0
4547,B00021DVSK,0.0
4548,B00021DVTO,0.0
4549,B00021DW6G,0.0
4550,B00021DW8O,0.0
4551,B00021DWCU,0.0
4552,B00021DWP2,0.0
4553,B00021DXD8,0.0
4554,B00021DXK6,0.0
4555,B00021DXOM,0.0
4556,B00021DXQ0,0.0
4557,B00021DYP0,0.0
4558,B00021DYVY,0.0
4559,B00021DZ2C,0.0
4560,B00021DZ68,0.0
4561,B00021DZCC,0.0
4562,B00021DZCM,0.0
4563,B00021E0D0,0.0
4564,B00021E1IO,0.0
4565,B00021E1JS,0.0
4566,B00021E1YI,0.0
4567,B00021E2EM,0.0
4568,B00021E3SM,0.0
4569,B00021E4AE,0.0
4570,B00021E4EA,0.0
4571,B00021E4YU,0.0
4572,B00021E5PS,0.0
4573,B00021E5V2,0.0
4574,B00021E5XA,0.0
4575,B00021E5XU,0.0
4576,B00021E5Y4,0.0
4577,B00021E5YE,0.0
4578,B00021E62U,0.0
4579,B00021E66Q,0.0
4580,B00021E6AW,0.0
4581,B00021E756,0.0
4582,B00021E7V0,0.0
4583,B00021E8BE,0.0
4584,B00021E8QO,0.0
4585,B00021E9DQ,0.0
4586,B00021E9EK,0.0
4587,B00021EA9Y,0.0
4588,B00021EAMQ,0.0
4589,B00021EAS0,0.0
4590,B00021KD2C,-0.002242800879241
4591,B00021LUHY,0.0
4592,B00021P7SM,0.0
4593,B00021P80E,0.0
4594,B00021P9F8,0.0
4595,B00021P9VW,0.0
4596,B00021PALG,0.0
4597,B00021PAS4,0.0
4598,B00021PB4C,0.0
4599,B00021PBCO,0.0
4600,B00021PBQK,0.0
4601,B00021PBWO,0.0
4602,B00021PCZU,0.0
4603,B00021PD68,0.0
4604,B00021PD72,0.0
4605,B00021PDKE,0.0
4606,B00021PDKO,0.0
4607,B00021PDN6,0.0
4608,B00021PDOK,0.0
4609,B00021PE2Q,0.0
4610,B00021PE3A,0.0
4611,B00021PEPI,0.0
4612,B00021PJ4O,0.0
4613,B00021RDUM,0.0
4614,B00021UQ6U,0.0
4615,B00021UR3C,-0.002242800879241
4616,B00021VCVS,0.0
4617,B00021VI1W,0.0
4618,B00021VI3A,0.0
4619,B00021VI4Y,0.0
4620,B00021VIH6,0.0
4621,B00021VJD4,0.0
4622,B00021VJUC,0.0
4623,B00021VJXO,0.0
4624,B00021VJYS,0.0
4625,B00021VJZ2,0.0
4626,B00021VKFQ,0.0
4627,B00021VL6O,0.0
4628,B00021VL6Y,0.0
4629,B00021VL8W,0.0
4630,B00021VL9G,0.0
4631,B00021VL9Q,0.0
4632,B00021VLAA,0.0
4633,B00021VLGO,0.0
4634,B00021VLH8,0.0
4635,B00021VLKU,0.0
4636,B00021VLLE,0.0
4637,B00021VLY6,0.0
4638,B00021VM0O,0.0
4639,B00021VMB8,0.0
4640,B00021VN4Y,0.0
4641,B00021VNGC,0.0
4642,B00021VOKC,0.0
4643,B00021VOKW,0.0
4644,B00021VOW0,0.0
4645,B00021VPFG,0.0
4646,B00021VQ3W,0.0
4647,B00021VQK0,0.0
4648,B00021VQLY,0.0
4649,B00021VQNC,0.0
4650,B00021VQXM,0.0
4651,B00021VRT0,0.0
4652,B00021VRTA,0.0
4653,B00021VRU4,0.0
4654,B00021VSZS,0.0
4655,B00021VTC0,0.0
4656,B00021VTDY,0.0
4657,B00021VTE8,0.0
4658,B00021VTTI,0.0
4659,B00021VTV6,0.0
4660,B00021VTXY,0.0
4661,B00021VU0G,0.0
4662,B00021VU1A,0.0
4663,B00021VU8S,0.0
4664,B00021VV3C,0.0
4665,B00021VVKA,0.0
4666,B00021VWVS,0.0
4667,B00021VYBQ,0.0
4668,B00021VZ2E,0.0
4669,B00021VZNS,0.0
4670,B00021VZOM,0.0
4671,B00021VZPQ,0.0
4672,B00021W05K,0.0
4673,B00021W06Y,0.0
4674,B00021W082,0.0
4675,B00021W08C,0.0
4676,B00021W0I2,0.0
4677,B00021W0IC,0.0
4678,B00021W0NC,0.0
4679,B00021W0VY,0.0
4680,B00021W0Y6,0.0
4681,B00021W0ZK,0.0
4682,B00021W1CW,0.0
4683,B00021W1D6,0.0
4684,B00021W1F4,0.0
4685,B00021W1HC,0.0
4686,B00021W1NG,0.0
4687,B00021W1OA,0.0
4688,B00021W1OK,0.0
4689,B00021W1PY,0.0
4690,B00021W26M,0.0
4691,B00021W27G,0.0
4692,B00021W27Q,0.0
4693,B00021W28U,0.0
4694,B00021W2ZI,0.0
4695,B00021W4BA,0.0
4696,B00021W4CY,0.0
4697,B00021W5SM,0.0
4698,B00021W7K8,0.0
4699,B00021W924,0.0
4700,B00021WAF0,0.0
4701,B00021WATQ,0.0
4702,B00021WBGI,0.0
4703,B00021WCCQ,0.0
4704,B00021WO7O,0.0
4705,B00021WPXC,0.0
4706,B00021WSQQ,0.0
4707,B00021WT1K,0.0
4708,B00021WT5Q,0.0
4709,B00021WTJC,0.0
4710,B00021WV3G,0.0
4711,B00021WWTE,0.0
4712,B00021WYVA,0.0
4713,B00021WZ8C,0.0
4714,B00021WZVE,0.0
4715,B00021X2RA,0.0
4716,B00021X33I,0.0
4717,B00021X5U4,0.0
4718,B00021X9TQ,0.0
4719,B00021XA40,0.0
4720,B00021XB94,0.0
4721,B00021XC84,0.0
4722,B00021XCBG,0.0
4723,B00021XGDA,0.0
4724,B00021XPX6,0.0
4725,B00021Z5F2,0.0
4726,B0002214AQ,0.0
4727,B0002227PC,0.0
4728,B0002227WK,0.0
4729,B000225ZI8,0.0
4730,B000225ZKQ,0.0
4731,B000225ZL0,0.0
4732,B000225ZME,0.0
4733,B000225ZMO,0.0
4734,B000225ZOC,0.0
4735,B000225ZRY,0.0
4736,B000225ZUG,0.0
4737,B000225ZWY,0.0
4738,B000225ZYW,0.0
4739,B0002260AA,0.0
4740,B0002260DW,0.0
4741,B0002260L4,0.0
4742,B0002260N2,0.0
4743,B0002260RI,0.0
4744,B00022629O,0.0
4745,B0002269UQ,0.0
4746,B0002279LY,0.0
4747,B0002279MS,0.0
4748,B00022AUHY,0.0
4749,B00022AUM4,0.0
4750,B00022AUMO,0.0
4751,B00022AUMY,0.0
4752,B00022AUUG,-0.002242800879241
4753,B00022AUVA,0.0
4754,B00022AUVU,0.0
4755,B00022B2DA,0.0
4756,B00022B79E,0.0
4757,B00022BAZK,0.0
4758,B00022BC2G,0.0
4759,B00022BJRE,0.0
4760,B00022BJT2,0.0
4761,B00022BKPU,0.0
4762,B00022C36U,0.0
4763,B00022C37O,0.0
4764,B00022C4V4,0.0
4765,B00022C5RW,0.0
4766,B00022C64O,0.0
4767,B00022DM74,0.0
4768,B00022DM7E,0.0
4769,B00022DMLU,0.0
4770,B00022DMQK,0.0
4771,B00022DN6Y,0.0
4772,B00022DO3Q,0.0
4773,B00022DP08,0.0
4774,B00022DPVW,0.0
4775,B00022DX2S,0.0
4776,B00022E0UC,0.0
4777,B00022E2FU,0.0
4778,B00022F1DW,0.0
4779,B00022F1E6,0.0
4780,B00022F1EQ,0.0
4781,B00022F5CE,0.0
4782,B00022GEA6,0.0
4783,B00022UAHE,0.0
4784,B00022UBFA,0.0
4785,B00022UEZ2,0.0
4786,B00022UEZC,0.0
4787,B00022UF5G,0.0
4788,B00022UF6U,0.0
4789,B00022WA54,0.0
4790,B00022WA5E,0.0
4791,B00022WA5O,0.0
4792,B00022WA5Y,0.0
4793,B00022WA6S,0.0
4794,B00022WA72,0.0
4795,B00022WA7M,0.0
4796,B00022WA8Q,0.0
4797,B00022WA9A,0.0
4798,B00022WA9K,0.0
4799,B00022WA9U,0.0
4800,B00022WBO4,0.0
4801,B00022WBOY,0.0
4802,B0002352YO,0.0
4803,B00023530C,0.0
4804,B000235UKK,0.0
4805,B000235UKU,0.0
4806,B000235ULO,0.0
4807,B000235UT6,0.0
4808,B00023AHBM,0.0
4809,B00023AHTY,0.0
4810,B00023AIVG,0.0
4811,B00023AJAQ,0.0
4812,B00023AJC4,0.0
4813,B00023AJE2,0.0
4814,B00023AK00,0.0
4815,B00023AN0M,0.0
4816,B00023AOAG,0.0
4817,B00023AQPY,0.0
4818,B00023AQQ8,0.0
4819,B00023AQRW,0.0
4820,B00023AQYU,0.0
4821,B00023AQZ4,0.0
4822,B00023CJQS,0.0
4823,B00023D32C,0.0
4824,B00023DIAE,0.0
4825,B00023DIAY,0.0
4826,B00023DIBI,0.0
4827,B00023DIBS,0.0
4828,B00023DIC2,0.0
4829,B00023DTDK,0.0
4830,B00023E6EQ,0.0
4831,B00023EM9K,0.0
4832,B00023EMC2,0.0
4833,B00023EMDG,0.0
4834,B00023EMKE,0.0
4835,B00023EMLS,0.0
4836,B00023EMN6,0.0
4837,B00023EMUE,0.0
4838,B00023EN2Q,0.0
4839,B00023ENGW,0.0
4840,B00023ENN0,0.0
4841,B00023EO4I,0.0
4842,B00023EO7A,0.0
4843,B00023EO8Y,0.0
4844,B00023EOSO,0.0
4845,B00023EOTS,0.0
4846,B00023EOUW,0.0
4847,B00023EP3I,0.0
4848,B00023EP4C,0.0
4849,B00023EP4M,0.0
4850,B00023EP5G,0.0
4851,B00023EP5Q,0.0
4852,B00023EP6A,0.0
4853,B00023EP88,0.0
4854,B00023EPZ6,0.0
4855,B00023EPZG,0.0
4856,B00023EQ6Y,0.0
4857,B00023IXDQ,0.0
4858,B00023IXMC,0.0
4859,B00023IXMW,0.0
4860,B00023IXYK,0.0
4861,B00023IYNA,0.0
4862,B00023IZ2A,0.0
4863,B00023IZI4,0.0
4864,B00023IZKW,0.0
4865,B00023IZMA,0.0
4866,B00023IZRU,0.0
4867,B00023IZY8,0.0
4868,B00023J024,0.0
4869,B00023J4AW,0.0
4870,B00023J4BG,0.0
4871,B00023J4BQ,0.0
4872,B00023KCLC,0.0
4873,B00023KCLM,0.0
4874,B00023KCQ2,0.0
4875,B00023KCQW,0.0
4876,B00023KCWG,0.0
4877,B00023KCWQ,0.0
4878,B00023KDAW,0.0
4879,B00023KDDO,0.0
4880,B00023KDPW,0.0
4881,B00023KDRK,0.0
4882,B00023KE1A,0.0
4883,B00023P3T8,0.0
4884,B00023QQUI,0.0
4885,B00023QRI4,0.0
4886,B00023QRIE,0.0
4887,B00023QSJ2,0.0
4888,B00023QSVA,0.0
4889,B00023QT5A,0.0
4890,B00023QUEK,0.0
4891,B00023T5WE,0.0
4892,B00023V5EU,0.0
4893,B00023XXE0,0.0
4894,B00024458C,0.0
4895,B000244BBI,0.0
4896,B000246K3A,0.0
4897,B000248HLI,0.0
4898,B000248REK,0.0
4899,B000249P3W,0.0
4900,B00024COM6,0.0
4901,B00024CSMC,0.0
4902,B00024EAH8,0.0
4903,B00024L6WU,0.0
4904,B00024L6XO,0.0
4905,B00024R458,0.0
4906,B00024YUD2,0.0
4907,B000255PKI,0.0
4908,B000256RNW,0.0
4909,B000256RPU,0.0
4910,B00025C09C,0.0
4911,B00025FK58,0.0
4912,B00025G1IS,0.0
4913,B00025G1OC,0.0
4914,B00025G1P6,0.0
4915,B00025G1QK,0.0
4916,B00025G1QU,0.0
4917,B00025G1TM,0.0
4918,B00025G1VK,0.0
4919,B00025G200,0.0
4920,B00025G22S,0.0
4921,B00025G25A,0.0
4922,B00025G26Y,0.0
4923,B00025G3GS,0.0
4924,B00025G3H2,0.0
4925,B00025H2N6,0.0
4926,B00025H3JY,0.0
4927,B00025H4X4,0.0
4928,B00025H5LU,0.0
4929,B00025H5ME,0.0
4930,B00025H5PG,0.0
4931,B00025H5W4,0.0
4932,B00025H6PA,0.0
4933,B00025H6QY,0.0
4934,B00025H8CQ,0.0
4935,B00025HDYO,0.0
4936,B00025HE5W,0.0
4937,B00025HFKG,0.0
4938,B00025HFLK,0.0
4939,B00025HJMK,0.0
4940,B00025HJV6,0.0
4941,B00025OT3C,0.0
4942,B00025UYAY,0.0
4943,B00025WX2Q,0.0
4944,B00025WXCQ,0.0
4945,B00025WXDU,0.0
4946,B00025WXF8,0.0
4947,B00025WXIK,0.0
4948,B00025WXN0,0.0
4949,B00025WXR6,0.0
4950,B00025WYEI,0.0
4951,B00025WYH0,0.0
4952,B00025WYK2,0.0
4953,B00025WYUC,0.0
4954,B00025WYZC,0.0
4955,B00025WZLA,0.0
4956,B00025WZMO,0.0
4957,B00025WZOW,0.0
4958,B00025WZY2,0.0
4959,B00025X05A,0.0
4960,B00025X06E,0.0
4961,B00025X06O,0.0
4962,B00025X06Y,0.0
4963,B00025X1AY,0.0
4964,B00025X1CW,0.0
4965,B00025X1EK,0.0
4966,B00025X1F4,0.0
4967,B00025X1HC,0.0
4968,B00025X7KS,0.0
4969,B00025X7LW,0.0
4970,B00025X9KG,0.0
4971,B00025XFY6,0.0
4972,B000260KIO,0.0
4973,B000260QGA,0.0
4974,B000262NSY,0.0
4975,B000262QNG,0.0
4976,B000264KYE,0.0
4977,B000265AN4,0.0
4978,B000265C46,0.0
4979,B000265CDM,0.0
4980,B000265D0O,0.0
4981,B000268R8O,0.0
4982,B000268RAM,0.0
4983,B000268RCU,0.0
4984,B00026CZBY,0.0
4985,B00026CZC8,0.0
4986,B00026CZCS,0.0
4987,B00026CZDC,0.0
4988,B00026CZEQ,0.0
4989,B00026D05E,0.0
4990,B00026E74C,0.0
4991,B00026FV2Y,0.0
4992,B00026FV6U,0.0
4993,B00026FV7O,0.0
4994,B00026FV8I,0.0
4995,B00026FVAG,0.0
4996,B00026FVCE,0.0
4997,B00026FVFQ,0.0
4998,B00026FVGK,0.0
4999,B00026FVN8,0.0
5000,B00026FVRO,0.0
5001,B00026IGOO,0.0
5002,B00026ITJ6,0.0
5003,B00026ITWI,0.0
5004,B00026ITZA,0.0
5005,B00026S7VG,0.0
5006,B00026YLV6,0.0
5007,B00026YM60,0.0
5008,B000271370,0.0
5009,B00027137U,0.0
5010,B0002714II,0.0
5011,B0002714IS,0.0
5012,B0002716FO,0.0
5013,B000271B1I,0.0
5014,B000271KR8,0.0
5015,B000273ECW,0.0
5016,B000273EL8,0.0
5017,B000273ELS,0.0
5018,B000273ENG,0.0
5019,B000273HTM,0.0
5020,B000273PEO,0.0
5021,B000273RFG,0.0
5022,B000273RG0,0.0
5023,B000273RHO,0.0
5024,B000273RHY,0.0
5025,B000273RI8,0.0
5026,B000273RII,0.0
5027,B000277ILA,0.0
5028,B000277N7Y,0.0
5029,B000277N88,0.0
5030,B000277XJ2,0.0
5031,B000277XJW,0.0
5032,B000277XME,0.0
5033,B000277XMY,0.0
5034,B000277XOM,0.0
5035,B000278HNS,0.0
5036,B000278IU0,0.0
5037,B00027985E,0.0
5038,B00027985Y,0.0
5039,B00027986S,0.0
5040,B00027987M,0.0
5041,B00027987W,0.0
5042,B000279AV6,0.0
5043,B000279IQI,0.0
5044,B000279IRM,0.0
5045,B00027BSJ8,0.0
5046,B00027C13U,0.0
5047,B00027C7O8,0.0
5048,B00027C8K6,0.0
5049,B00027C8OW,0.0
5050,B00027C8Q0,0.0
5051,B00027C8R4,0.0
5052,B00027C91Y,0.0
5053,B00027C92I,0.0
5054,B00027C98C,0.0
5055,B00027C9B4,0.0
5056,B00027C9C8,0.0
5057,B00027C9CI,0.0
5058,B00027C9CS,0.0
5059,B00027CC4S,-0.002242800879241
5060,B00027CCOI,0.0
5061,B00027CDX8,0.0
5062,B00027CDXI,0.0
5063,B00027CDY2,-0.002242800879241
5064,B00027CDYC,0.0
5065,B00027CDYM,0.0
5066,B00027CEK0,0.0
5067,B00027CEYQ,0.0
5068,B00027CFG8,0.0
5069,B00027CFHW,0.0
5070,B00027CGWQ,0.0
5071,B00027CR4S,0.0
5072,B00027CR66,0.0
5073,B00027CR7K,0.0
5074,B00027CU86,0.0
5075,B00027CYPA,0.0
5076,B00027CYTG,0.0
5077,B00027D09E,0.0
5078,B00027D0DU,0.0
5079,B00027D0F8,0.0
5080,B00027D1PC,0.0
5081,B00027D1R0,0.0
5082,B00027D2H4,0.0
5083,B00027D2LA,0.0
5084,B00027D2MO,0.0
5085,B00027D2O2,0.0
5086,B00027D6SE,0.0
5087,B00027D74W,0.0
5088,B00027D86O,0.0
5089,B00027D8IC,-0.002242800879241
5090,B00027D8QE,0.0
5091,B00027D8U0,0.0
5092,B00027D8WS,0.0
5093,B00027D904,0.0
5094,B00027D98Q,0.0
5095,B00027D9MW,0.0
5096,B00027DD3W,0.0
5097,B00027DDEQ,0.0
5098,B00027DDG4,0.0
5099,B00027DDOQ,-0.002242800879241
5100,B00027DDZ0,0.0
5101,B00027DF6M,0.0
5102,B00027DHYM,0.0
5103,B00027DK5I,0.0
5104,B00027DK9E,0.0
5105,B00027DMI8,-0.003173388101125
5106,B00027DMJW,0.0
5107,B00027DMLK,0.0
5108,B00027DMSI,0.0
5109,B00027EG9C,-0.002242800879241
5110,B00027OQQA,0.0
5111,B00027OQZ6,0.0
5112,B00027OR2I,0.0
5113,B00027TAPM,0.0
5114,B00027TGMY,0.0
5115,B00027TM64,0.0
5116,B00027TPI4,0.0
5117,B00027TPRA,0.0
5118,B00027TRB4,0.0
5119,B00027TRJ6,0.0
5120,B00027TS7W,0.0
5121,B00027UNK8,0.0
5122,B00027YUNY,0.0
5123,B00027YUO8,0.0
5124,B00027YUOI,0.0
5125,B00027YZJS,0.0
5126,B00027YZKM,0.0
5127,B000285IQQ,0.0
5128,B000288CUU,0.0
5129,B000289CQI,0.0
5130,B00028CSP0,0.0
5131,B00028EWWW,0.0
5132,B00028EY52,0.0
5133,B00028EY5M,0.0
5134,B00028EYDY,0.0
5135,B00028EYFC,0.0
5136,B00028EZL0,0.0
5137,B00028EZME,0.0
5138,B00028EZVA,0.0
5139,B00028F0CI,0.0
5140,B00028F0KU,0.0
5141,B00028F0N2,0.0
5142,B00028F0NM,0.0
5143,B00028F0S2,0.0
5144,B00028F25I,0.0
5145,B00028F2AI,0.0
5146,B00028F2AS,0.0
5147,B00028F2JO,0.0
5148,B00028F2NA,0.0
5149,B00028F2W6,0.0
5150,B00028F352,0.0
5151,B00028F37A,0.0
5152,B00028F4BK,0.0
5153,B00028F4H4,0.0
5154,B00028LMIY,0.0
5155,B00028LN1K,0.0
5156,B00028LQ30,0.0
5157,B00028LUBS,0.0
5158,B00028LURM,0.0
5159,B00028LURW,0.0
5160,B00028LV4Y,0.0
5161,B00028LVJE,0.0
5162,B00028LWDO,0.0
5163,B00028LXGK,0.0
5164,B00028LZ0Y,0.0
5165,B00028LZNG,0.0
5166,B00028M3N2,0.0
5167,B00028M91I,0.0
5168,B00028MB2U,0.0
5169,B00028MCOM,0.0
5170,B00028MF5I,0.0
5171,B00028MLG6,0.0
5172,B00028MLHA,0.0
5173,B00028MLKC,0.0
5174,B00028MNTG,0.0
5175,B00028MOYU,0.0
5176,B00028MPM6,0.0
5177,B00028MTHW,0.0
5178,B00028MW7O,0.0
5179,B00028MX5U,0.0
5180,B00028MXBO,0.0
5181,B00028MXCS,0.0
5182,B00028N2RI,0.0
5183,B00028N2UU,0.0
5184,B00028N76Y,0.0
5185,B00028N7WS,0.0
5186,B00028N7Z0,0.0
5187,B00028NANE,0.0
5188,B00028NDRM,0.0
5189,B00028NEKS,0.0
5190,B00028NKCU,0.0
5191,B00028NL5Q,0.0
5192,B00028NL6A,0.0
5193,B00028NL6U,0.0
5194,B00028NLH4,0.0
5195,B00028NLLU,0.0
5196,B00028NMG4,0.0
5197,B00028NMP0,0.0
5198,B00028NNFY,0.0
5199,B00028NO6C,0.0
5200,B00028NO7G,0.0
5201,B00028NOB2,0.0
5202,B00028NOSU,0.0
5203,B00028NP8E,0.0
5204,B00028NQ4C,0.0
5205,B00028NQ56,0.0
5206,B00028NXFO,0.0
5207,B00028O0HE,0.0
5208,B00028O63C,0.0
5209,B00028O7ZO,0.0
5210,B00028OC4K,0.0
5211,B00028OC7M,0.0
5212,B00028OCQI,0.0
5213,B00028OCRC,0.0
5214,B00028ODGW,0.0
5215,B00028OJLG,0.0
5216,B00028OLIW,0.0
5217,B00028OOG6,0.0
5218,B00028OOGG,0.0
5219,B00028OPAQ,0.0
5220,B00028OPZ6,0.0
5221,B00028OQC8,0.0
5222,B00028OQXM,0.0
5223,B00028OQZA,0.0
5224,B00028OQZU,0.0
5225,B00028ORHC,0.0
5226,B00028ORM2,0.0
5227,B00028ORMM,0.0
5228,B00028ORPY,0.0
5229,B00028OS0I,0.0
5230,B00028OSHG,0.0
5231,B00028OSI0,0.0
5232,B00028OSJ4,0.0
5233,B00028OT8Y,0.0
5234,B00028OT98,0.0
5235,B00028OT9I,0.0
5236,B00028OTA2,0.0
5237,B00028OTAC,0.0
5238,B00028OTAM,0.0
5239,B00028OTCK,0.0
5240,B00028OTD4,0.0
5241,B00028OTNY,0.0
5242,B00028OTT8,0.0
5243,B00028OTUC,0.0
5244,B00028OTVQ,0.0
5245,B00028OTX4,0.0
5246,B00028OTXO,0.0
5247,B00028OTY8,0.0
5248,B00028OTYI,0.0
5249,B00028OTYS,0.0
5250,B00028OTZ2,0.0
5251,B00028OU5Q,0.0
5252,B00028OUGU,0.0
5253,B00028OUH4,0.0
5254,B00028OUII,0.0
5255,B00028OUK6,0.0
5256,B00028OULK,0.0
5257,B00028OULU,0.0
5258,B00028OV32,0.0
5259,B00028OV46,0.0
5260,B00028OV4Q,0.0
5261,B00028OV64,0.0
5262,B00028OV7S,0.0
5263,B00028OV82,0.0
5264,B00028P32U,0.0
5265,B00028P3ZW,0.0
5266,B00028P672,0.0
5267,B00028P92E,0.0
5268,B00028PAOG,0.0
5269,B00028PBBI,0.0
5270,B00028PDB6,0.0
5271,B00028PDC0,-0.002242800879241
5272,B00028PDDY,0.0
5273,B00028PDWK,0.0
5274,B00028PE0G,0.0
5275,B00028PES8,0.0
5276,B00028PFF0,0.0
5277,B00028PH9Y,0.0
5278,B00028PJD8,0.0
5279,B00028PNKW,0.0
5280,B00028POBK,0.0
5281,B00028POOC,0.0
5282,B00028PPQ4,0.0
5283,B00028PSC0,0.0
5284,B00028PU9Q,0.0
5285,B00028PW30,0.0
5286,B00028PXAC,0.0
5287,B00028PYNS,0.0
5288,B00028PYT2,0.0
5289,B00028PZAK,0.0
5290,B00028PZC8,0.0
5291,B00028PZUK,0.0
5292,B00028PZVY,0.0
5293,B00028Q14Y,0.0
5294,B00028Q32O,0.0
5295,B00028Q3U6,0.0
5296,B00028Q3UQ,0.0
5297,B00028Q3X8,0.0
5298,B00028Q3XS,0.0
5299,B00028Q798,0.0
5300,B00028Q7HA,0.0
5301,B00028Q7IO,0.0
5302,B00028Q892,0.0
5303,B00028Q8BK,0.0
5304,B00028QAHC,0.0
5305,B00028QAVS,0.0
5306,B00028QB3U,0.0
5307,B00028QF22,0.0
5308,B00028QF2C,0.0
5309,B00028QF2M,0.0
5310,B00028QF2W,0.0
5311,B00028QF36,0.0
5312,B000292PU2,0.0
5313,B000293O5M,0.0
5314,B00029DZBU,0.0
5315,B00029JM9O,0.0
5316,B00029KBTE,0.0
5317,B00029RBRY,0.0
5318,B00029RCOG,0.0
5319,B00029RD72,0.0
5320,B00029RT80,0.0
5321,B00029UXJM,0.0
5322,B00029UZ1S,0.0
5323,B00029UZ22,0.0
5324,B00029UZMW,0.0
5325,B00029V0EO,0.0
5326,B00029V0P8,0.0
5327,B00029V0PI,0.0
5328,B00029V0QC,0.0
5329,B00029V0QM,0.0
5330,B00029V0RG,0.0
5331,B00029V0SA,0.0
5332,B00029V0SU,0.0
5333,B00029V13E,0.0
5334,B00029V166,0.0
5335,B00029V17A,0.0
5336,B00029V17K,0.0
5337,B00029WRA0,0.0
5338,B0002A5A62,0.0
5339,B0002A65LQ,0.0
5340,B0002A65M0,0.0
5341,B0002A65MA,0.0
5342,B0002A65PW,0.0
5343,B0002AAMYC,0.0
5344,B0002AAMYM,0.0
5345,B0002AOO3C,0.0
5346,B0002AOO50,0.0
5347,B0002AOP40,0.0
5348,B0002AOQ4O,0.0
5349,B0002AQE80,0.0
5350,B0002AQRFK,0.0
5351,B0002ARKTW,0.0
5352,B0002ASGWM,0.0
5353,B0002ASSN4,0.0
5354,B0002B02AU,0.0
5355,B0002B0R14,0.0
5356,B0002B0REG,0.0
5357,B0002B16PU,0.0
5358,B0002B317Q,0.0
5359,B0002BB3P8,0.0
5360,B0002BB3YO,0.0
5361,B0002BB75O,0.0
5362,B0002BB7H2,0.0
5363,B0002BDKLI,0.0
5364,B0002BKSUE,0.0
5365,B0002BLMMM,0.0
5366,B0002BLODY,0.0
5367,B0002BPIZO,0.0
5368,B0002BPJFS,0.0
5369,B0002BQIQC,0.0
5370,B0002BQJQ6,0.0
5371,B0002BQJQQ,0.0
5372,B0002C04ZM,0.0
5373,B0002C72B6,0.0
5374,B0002C72CA,0.0
5375,B0002C8062,0.0
5376,B0002CD062,0.0
5377,B0002CD08A,0.0
5378,B0002CD0A8,0.0
5379,B0002CHLVW,0.0
5380,B0002CK7AY,0.0
5381,B0002CK880,0.0
5382,B0002CO28M,0.0
5383,B0002COKES,0.0
5384,B0002COKF2,0.0
5385,B0002COKFC,0.0
5386,B0002COWKU,0.0
5387,B0002COWYG,0.0
5388,B0002COX4U,0.0
5389,B0002COX8G,0.0
5390,B0002COXWC,0.0
5391,B0002CP0TC,0.0
5392,B0002CP1D2,0.0
5393,B0002CP1FK,0.0
5394,B0002CP1GY,0.0
5395,B0002CP1K0,0.0
5396,B0002CP1N2,0.0
5397,B0002CP1TG,0.0
5398,B0002CP222,0.0
5399,B0002CP33A,0.0
5400,B0002CP4ZM,0.0
5401,B0002CR108,0.0
5402,B0002CTSRM,0.0
5403,B0002CU2FY,0.0
5404,B0002CX4FE,0.0
5405,B0002CX8QE,0.0
5406,B0002CZK6K,0.0
5407,B0002CZK6U,0.0
5408,B0002CZK7E,0.0
5409,B0002CZK7O,0.0
5410,B0002D0GI6,0.0
5411,B0002D532A,0.0
5412,B0002DCAB2,0.0
5413,B0002DFLKE,0.0
5414,B0002DFM1C,0.0
5415,B0002DFM1M,0.0
5416,B0002DJI08,0.0
5417,B0002DKB9K,0.0
5418,B0002DKMMQ,0.0
5419,B0002DKMPS,0.0
5420,B0002DKN48,0.0
5421,B0002DKN6Q,-0.002242800879241
5422,B0002DKNY8,0.0
5423,B0002DKNZW,0.0
5424,B0002DKPC8,0.0
5425,B0002DKPFK,0.0
5426,B0002DKQEA,0.0
5427,B0002DKQUO,0.0
5428,B0002DKRYE,-0.002242800879241
5429,B0002DKV5O,0.0
5430,B0002DKVJK,0.0
5431,B0002DKWHG,0.0
5432,B0002DKYLA,0.0
5433,B0002DKZEQ,0.0
5434,B0002DKZIW,0.0
5435,B0002DL0OU,0.0
5436,B0002DL248,0.0
5437,B0002DL28Y,0.0
5438,B0002DL2O8,0.0
5439,B0002DL496,0.0
5440,B0002DL752,0.0
5441,B0002DLBBW,0.0
5442,B0002DLCCA,0.0
5443,B0002DLEJG,0.0
5444,B0002DLEMI,0.0
5445,B0002DLGOO,0.0
5446,B0002DLILU,0.0
5447,B0002DLJ9G,0.0
5448,B0002DLJGE,0.0
5449,B0002DLJGY,0.0
5450,B0002DLJZU,0.0
5451,B0002DLKZY,0.0
5452,B0002DLMHK,0.0
5453,B0002DLOHI,0.0
5454,B0002DLOY6,0.0
5455,B0002DLPAE,0.0
5456,B0002DLPIQ,0.0
5457,B0002DLQDA,0.0
5458,B0002DLQIA,0.0
5459,B0002DLR7U,0.0
5460,B0002DLRAM,0.0
5461,B0002DLRYI,0.0
5462,B0002DLT5U,0.0
5463,B0002DLU3G,0.0
5464,B0002DLYTQ,0.0
5465,B0002DLZWM,0.0
5466,B0002DM012,0.0
5467,B0002DM2OC,0.0
5468,B0002DM350,0.0
5469,B0002DM3P0,0.0
5470,B0002DM4XG,-0.002242800879241
5471,B0002DM5GC,0.0
5472,B0002DM5GM,0.0
5473,B0002DM5GW,0.0
5474,B0002DM5T4,0.0
5475,B0002DM6Y8,0.0
5476,B0002DM7NS,0.0
5477,B0002DM8OQ,0.0
5478,B0002DMAEY,0.0
5479,B0002DMBHA,0.0
5480,B0002DMCVA,0.0
5481,B0002DMD96,0.0
5482,B0002DMGXO,0.0
5483,B0002DMH74,0.0
5484,B0002DMHE2,0.0
5485,B0002DMIZA,0.0
5486,B0002DMMJC,0.0
5487,B0002DMMQK,0.0
5488,B0002DMNNC,0.0
5489,B0002DMOYK,0.0
5490,B0002DMP58,0.0
5491,B0002DMPHG,0.0
5492,B0002DMPXK,0.0
5493,B0002DMQK2,0.0
5494,B0002DMQSO,0.0
5495,B0002DMR10,0.0
5496,B0002DMR8I,0.0
5497,B0002DMRAG,-0.002242800879241
5498,B0002DMTZ4,0.0
5499,B0002DMU6M,0.0
5500,B0002DMU7G,0.0
5501,B0002DMV84,0.0
5502,B0002DMVIE,0.0
5503,B0002DMWU6,0.0
5504,B0002DMXLY,0.0
5505,B0002DMZA8,0.0
5506,B0002DMZZI,0.0
5507,B0002DN1DI,0.0
5508,B0002DN246,0.0
5509,B0002DN24Q,0.0
5510,B0002DN6TC,0.0
5511,B0002DN7RI,0.0
5512,B0002DN9L2,0.0
5513,B0002DNADE,0.0
5514,B0002DNC46,0.0
5515,B0002DNC78,0.0
5516,B0002DNCDW,0.0
5517,B0002DNE5I,0.0
5518,B0002DNFJI,0.0
5519,B0002DNH3C,0.0
5520,B0002DNH64,0.0
5521,B0002DNHR8,0.0
5522,B0002DNHWS,0.0
5523,B0002DNIAE,0.0
5524,B0002DNKHA,0.0
5525,B0002DNNCW,0.0
5526,B0002DNNRC,0.0
5527,B0002DNPLQ,0.0
5528,B0002DNPSE,0.0
5529,B0002DNPZM,0.0
5530,B0002DNR3M,0.0
5531,B0002DNSQS,0.0
5532,B0002DNVV0,0.0
5533,B0002DNX40,0.0
5534,B0002DNXUY,0.0
5535,B0002DNXW2,0.0
5536,B0002DNXZE,0.0
5537,B0002DNYHQ,0.0
5538,B0002DNYIU,0.0
5539,B0002DNYJE,0.0
5540,B0002DNZ8Y,0.0
5541,B0002DNZAC,-0.0022428008792411
5542,B0002DNZBQ,0.0
5543,B0002DNZCA,0.0
5544,B0002DNZDE,0.0
5545,B0002DO0JM,0.0
5546,B0002DO11E,0.0
5547,B0002DO1RI,0.0
5548,B0002DO1RS,-0.002242800879241
5549,B0002DO2E0,0.0
5550,B0002DO2EA,0.0
5551,B0002DO2G8,0.0
5552,B0002DO2XQ,0.0
5553,B0002DO2ZY,0.0
5554,B0002DO3MG,0.0
5555,B0002DO3NK,0.0
5556,B0002DO3OO,0.0
5557,B0002DO43O,0.0
5558,B0002DO452,0.0
5559,B0002DO4CA,0.0
5560,B0002DO4EI,0.0
5561,B0002DO4FW,0.0
5562,B0002DO4NO,0.0
5563,B0002DO4OI,0.0
5564,B0002DO4P2,0.0
5565,B0002DO4RU,0.0
5566,B0002DO538,0.0
5567,B0002DO54C,0.0
5568,B0002DO57E,0.0
5569,B0002DO57O,0.0
5570,B0002DO5FG,0.0
5571,B0002DO894,0.0
5572,B0002DO8SK,0.0
5573,B0002DO8VC,0.0
5574,B0002DOWF4,0.0
5575,B0002DOYG6,0.0
5576,B0002DOZD8,0.0
5577,B0002DP1FE,0.0
5578,B0002DPG1I,0.0
5579,B0002DRAT4,0.0
5580,B0002DRDNW,0.0
5581,B0002DTQH8,0.0
5582,B0002DTQYQ,0.0
5583,B0002DTSWQ,0.0
5584,B0002DTSXA,0.0
5585,B0002DTSXK,0.0
5586,B0002DTTKC,0.0
5587,B0002DTULU,0.0
5588,B0002DTUME,0.0
5589,B0002DTUMO,0.0
5590,B0002DTV0A,0.0
5591,B0002DTV0K,0.0
5592,B0002DTVR8,0.0
5593,B0002DUGD6,0.0
5594,B0002DUSR0,0.0
5595,B0002DUSRA,0.0
5596,B0002DUSSE,0.0
5597,B0002DUSSY,0.0
5598,B0002DUSUW,0.0
5599,B0002DVLX0,0.0
5600,B0002E1UIK,0.0
5601,B0002E3EGG,0.0
5602,B0002E4WOO,0.0
5603,B0002E5J5A,0.0
5604,B0002EAZ0O,0.0
5605,B0002EAZ18,0.0
5606,B0002EAZ1I,0.0
5607,B0002EAZ1S,0.0
5608,B0002EAZ22,0.0
5609,B0002EAZ2C,0.0
5610,B0002EAZ2M,0.0
5611,B0002EAZ3G,0.0
5612,B0002EAZ4U,0.0
5613,B0002EAZ54,0.0
5614,B0002EB0JO,0.0
5615,B0002EB0K8,0.0
5616,B0002EB0KI,0.0
5617,B0002EB0KS,0.0
5618,B0002EB0L2,0.0
5619,B0002EB0LM,0.0
5620,B0002EB0NA,0.0
5621,B0002EB0NK,0.0
5622,B0002EB0NU,0.0
5623,B0002EB0O4,0.0
5624,B0002EB0OO,0.0
5625,B0002EB10C,0.0
5626,B0002EBHP6,0.0
5627,B0002EBI82,0.0
5628,B0002EBI8C,0.0
5629,B0002EBI8M,0.0
5630,B0002EFPWC,0.0
5631,B0002EG904,0.0
5632,B0002EJQ40,0.0
5633,B0002EPS3S,0.0
5634,B0002EPS4C,0.0
5635,B0002EPS56,0.0
5636,B0002EPS5G,0.0
5637,B0002EPSYC,0.0
5638,B0002ERLT2,0.0
5639,B0002EXL14,0.0
5640,B0002EXPUQ,0.0
5641,B0002EZJRS,0.0
5642,B0002EZKQ8,0.0
5643,B0002EZQAS,0.0
5644,B0002EZQBC,0.0
5645,B0002EZQBM,0.0
5646,B0002EZQIU,0.0
5647,B0002EZWNY,0.0
5648,B0002EZWO8,0.0
5649,B0002EZWOI,0.0
5650,B0002EZXTC,0.0
5651,B0002EZXTM,0.0
5652,B0002EZXTW,0.0
5653,B0002EZXU6,0.0
5654,B0002EZXUG,0.0
5655,B0002EZXV0,0.0
5656,B0002EZXVA,0.0
5657,B0002EZXVU,0.0
5658,B0002F0PZ8,0.0
5659,B0002F1GO2,0.0
5660,B0002F1H1E,0.0
5661,B0002F1H6E,-0.002242800879241
5662,B0002F1I4K,0.0
5663,B0002F1IZO,0.0
5664,B0002F1MAA,0.0
5665,B0002F1MBY,0.0
5666,B0002F1MD2,0.0
5667,B0002F1MTG,0.0
5668,B0002F1NN6,0.0
5669,B0002F1QSS,0.0
5670,B0002F1RVO,0.0
5671,B0002F1TQM,0.0
5672,B0002F1UM0,0.0
5673,B0002F1UNE,0.0
5674,B0002F1V10,0.0
5675,B0002F1V1K,0.0
5676,B0002F1VBU,0.0
5677,B0002F1VQA,0.0
5678,B0002F1VYW,0.0
5679,B0002F1WZU,0.0
5680,B0002F1XG8,0.0
5681,B0002F1XJK,0.0
5682,B0002F203I,0.0
5683,B0002F248Y,0.0
5684,B0002F25ME,0.0
5685,B0002F28OE,0.0
5686,B0002F29XE,0.0
5687,B0002F2B78,0.0
5688,B0002F2D8A,0.0
5689,B0002F2I44,0.0
5690,B0002F2THU,0.0
5691,B0002F4MBG,0.0
5692,B0002FAGDY,0.0
5693,B0002FBFYI,0.0
5694,B0002FBOLW,0.0
5695,B0002FBOMG,0.0
5696,B0002FBPX4,0.0
5697,B0002FBQV0,0.0
5698,B0002FC11O,0.0
5699,B0002FC11Y,0.0
5700,B0002FC7O0,0.0
5701,B0002FC7OK,0.0
5702,B0002FC7OU,0.0
5703,B0002FC7P4,0.0
5704,B0002FCA6A,0.0
5705,B0002FCA92,0.0
5706,B0002FCB0U,0.0
5707,B0002FCCH2,0.0
5708,B0002FCCXG,0.0
5709,B0002FCD5I,0.0
5710,B0002FCDHG,0.0
5711,B0002FCDHQ,0.0
5712,B0002FCDIA,0.0
5713,B0002FCDJ4,0.0
5714,B0002FCDJE,0.0
5715,B0002FEK2M,0.0
5716,B0002FEK3G,0.0
5717,B0002G214U,0.0
5718,B0002G215Y,0.0
5719,B0002G21GI,0.0
5720,B0002G7ZQ4,0.0
5721,B0002G930K,0.0
5722,B0002GP642,0.0
5723,B0002GP6L0,0.0
5724,B0002GP6MY,0.0
5725,B0002GP6NI,0.0
5726,B0002GP8A4,0.0
5727,B0002GP9OO,0.0
5728,B0002GP9YO,0.0
5729,B0002GPC0A,0.0
5730,B0002GPEIA,0.0
5731,B0002GPEJE,0.0
5732,B0002GPFLQ,0.0
5733,B0002GPGQU,0.0
5734,B0002GPHNC,0.0
5735,B0002GPJBM,0.0
5736,B0002GPN54,0.0
5737,B0002GPOQ2,0.0
5738,B0002GPQ38,0.0
5739,B0002GPWB4,0.0
5740,B0002GPZSO,0.0
5741,B0002GQ05Q,0.0
5742,B0002GQ1AU,0.0
5743,B0002GQ2KY,0.0
5744,B0002GQ3JY,0.0
5745,B0002GQ5EC,0.0
5746,B0002GQ5EW,0.0
5747,B0002GQ6VO,0.0
5748,B0002GQ790,0.0
5749,B0002GQ7TA,0.0
5750,B0002GQ812,0.0
5751,B0002GQ88U,0.0
5752,B0002GQEBG,0.0
5753,B0002GQFH4,0.0
5754,B0002GQOUW,0.0
5755,B0002GQP6A,0.0
5756,B0002GQQ3C,0.0
5757,B0002GQS8U,0.0
5758,B0002GQSGW,0.0
5759,B0002GQSR6,0.0
5760,B0002GQVDW,0.0
5761,B0002GQXGC,0.0
5762,B0002GQYFM,0.0
5763,B0002GR0LO,0.0
5764,B0002GR69U,0.0
5765,B0002GR6UY,0.0
5766,B0002GR76M,0.0
5767,B0002GR848,0.0
5768,B0002GR85M,0.0
5769,B0002GR9BK,0.0
5770,B0002GR9TM,0.0
5771,B0002GR9WY,0.0
5772,B0002GRBXG,0.0
5773,B0002GRCEO,0.0
5774,B0002GRCJO,0.0
5775,B0002GRCTE,0.0
5776,B0002GRDF2,0.0
5777,B0002GRFAU,0.0
5778,B0002GRIHU,0.0
5779,B0002GRJQK,0.0
5780,B0002GRJUQ,0.0
5781,B0002GRKK0,0.0
5782,B0002GRKUA,0.0
5783,B0002GRLAO,0.0
5784,B0002GRO92,0.0
5785,B0002GRONS,0.0
5786,B0002GRPXW,0.0
5787,B0002GRQ6S,0.0
5788,B0002GRUPK,0.0
5789,B0002GS6DA,0.0
5790,B0002GTU7Q,0.0
5791,B0002GTVWU,0.0
5792,B0002GVEOI,0.0
5793,B0002GVJXE,0.0
5794,B0002GVM7C,0.0
5795,B0002H3RNI,0.0
5796,B0002H4BJ2,0.0
5797,B0002H4BK6,0.0
5798,B0002H7SD8,0.0
5799,B0002H7SFG,0.0
5800,B0002H83YG,0.0
5801,B0002H842C,0.0
5802,B0002H854O,0.0
5803,B0002H8562,0.0
5804,B0002H858K,0.0
5805,B0002H85AI,0.0
5806,B0002H87KQ,0.0
5807,B0002H8CLK,0.0
5808,B0002HDTHW,0.0
5809,B0002HSBJI,0.0
5810,B0002HSBQQ,0.0
5811,B0002HSF76,0.0
5812,B0002I0UJQ,0.0
5813,B0002I0UK0,0.0
5814,B0002I25DK,0.0
5815,B0002I25DU,0.0
5816,B0002I3ZAM,0.0
5817,B0002I3ZVQ,0.0
5818,B0002I407E,0.0
5819,B0002I5ME4,0.0
5820,B0002I5ZZ0,0.0
5821,B0002I602M,0.0
5822,B0002IATJC,0.0
5823,B0002IEO34,0.0
5824,B0002IETXO,0.0
5825,B0002IETY8,0.0
5826,B0002IEU06,0.0
5827,B0002IEU0Q,0.0
5828,B0002IEU2Y,0.0
5829,B0002IJGAK,0.0
5830,B0002IKRMQ,0.0
5831,B0002IOTU2,0.0
5832,B0002IP5BE,0.0
5833,B0002IPU2S,0.0
5834,B0002IPVCW,0.0
5835,B0002IQOBO,0.0
5836,B0002IQULI,0.0
5837,B0002ISOOE,0.0
5838,B0002IUBW2,0.0
5839,B0002IUC1C,0.0
5840,B0002IUCCG,0.0
5841,B0002IVS9M,0.0
5842,B0002IXM6O,0.0
5843,B0002IYQS2,0.0
5844,B0002IYQSW,0.0
5845,B0002J2Z3O,0.0
5846,B0002J35M4,0.0
5847,B0002J37F4,0.0
5848,B0002J37UE,0.0
5849,B0002J380S,0.0
5850,B0002J383U,0.0
5851,B0002J3A1U,0.0
5852,B0002J3A4C,0.0
5853,B0002J3AW4,0.0
5854,B0002J3CWM,0.0
5855,B0002J3HFE,0.0
5856,B0002J3HGI,0.0
5857,B0002J3HOA,0.0
5858,B0002J3J5W,0.0
5859,B0002J3KXI,0.0
5860,B0002J5HAC,0.0
5861,B0002J5HB6,0.0
5862,B0002J5HBG,0.0
5863,B0002J9JA6,0.0
5864,B0002J9K3W,0.0
5865,B0002J9Y9W,0.0
5866,B0002JASDS,0.0
5867,B0002JB2CE,0.0
5868,B0002JB300,0.0
5869,B0002JB3JG,0.0
5870,B0002JB3KK,0.0
5871,B0002JB3LE,0.0
5872,B0002JB3TQ,0.0
5873,B0002JB3WI,0.0
5874,B0002JB4L8,0.0
5875,B0002JB5ZS,0.0
5876,B0002JB6Z2,0.0
5877,B0002JB7K6,0.0
5878,B0002JB8XW,0.0
5879,B0002JB9DQ,0.0
5880,B0002JB9FO,0.0
5881,B0002JB9HW,0.0
5882,B0002JB9T0,0.0
5883,B0002JBBCU,0.0
5884,B0002JBCU6,0.0
5885,B0002JBF1W,0.0
5886,B0002JBF6C,0.0
5887,B0002JBFZI,0.0
5888,B0002JBGRA,0.0
5889,B0002JBGRK,0.0
5890,B0002JBH8I,0.0
5891,B0002JBJ5E,0.0
5892,B0002JBKEY,0.0
5893,B0002JBKJY,0.0
5894,B0002JBL7A,0.0
5895,B0002JBMBU,0.0
5896,B0002JBMM4,0.0
5897,B0002JBMV0,0.0
5898,B0002JBNK0,0.0
5899,B0002JBPEY,0.0
5900,B0002JBPTY,0.0
5901,B0002JBPYY,0.0
5902,B0002JBQ8E,0.0
5903,B0002JBQFW,0.0
5904,B0002JBRGA,0.0
5905,B0002JBRUQ,0.0
5906,B0002JBRWY,0.0
5907,B0002JBSC8,0.0
5908,B0002JBT4K,0.0
5909,B0002JBTT0,0.0
5910,B0002JBTWW,0.0
5911,B0002JBU1M,0.0
5912,B0002JBU8K,0.0
5913,B0002JBUAS,0.0
5914,B0002JBVQ6,0.0
5915,B0002JBWI8,0.0
5916,B0002JBWRY,0.0
5917,B0002JBWSI,0.0
5918,B0002JBXR8,0.0
5919,B0002JBXT6,0.0
5920,B0002JBY5O,0.0
5921,B0002JBZIK,0.0
5922,B0002JBZJY,0.0
5923,B0002JC070,0.0
5924,B0002JC0BG,0.0
5925,B0002JFVPS,0.0
5926,B0002JFWDO,0.0
5927,B0002JG2NI,0.0
5928,B0002JGC8I,0.0
5929,B0002JGIL4,0.0
5930,B0002JGIZA,0.0
5931,B0002JGPUI,0.0
5932,B0002JGU30,0.0
5933,B0002JGUPS,0.0
5934,B0002JH75A,-0.002242800879241
5935,B0002JH8Z4,0.0
5936,B0002JH92Q,0.0
5937,B0002JH93K,0.0
5938,B0002JH96C,0.0
5939,B0002JHCRI,0.0
5940,B0002JHI1I,0.0
5941,B0002JIHT0,0.0
5942,B0002JIM9U,0.0
5943,B0002JIOGG,0.0
5944,B0002JISX0,0.0
5945,B0002JIU0Q,0.0
5946,B0002JIUDS,0.0
5947,B0002JIVQE,0.0
5948,B0002JJ19A,0.0
5949,B0002JJDE8,0.0
5950,B0002JJH1W,0.0
5951,B0002JKPA4,-0.002242800879241
5952,B0002JKPB8,0.0
5953,B0002JKQ8K,0.0
5954,B0002JKQ9O,0.0
5955,B0002JMMNW,0.0
5956,B0002JMMY6,0.0
5957,B0002JMN22,0.0
5958,B0002JMOYE,0.0
5959,B0002JMP8O,0.0
5960,B0002JMP98,0.0
5961,B0002JMQHE,0.0
5962,B0002JMQUG,0.0
5963,B0002JMQVA,0.0
5964,B0002JMQW4,0.0
5965,B0002JMR3C,0.0
5966,B0002JMRIM,0.0
5967,B0002JMS3G,0.0
5968,B0002JMSG8,0.0
5969,B0002JMSQI,0.0
5970,B0002JMSSQ,0.0
5971,B0002JMT4E,0.0
5972,B0002JMT7G,0.0
5973,B0002JMUL6,0.0
5974,B0002JMV7O,0.0
5975,B0002JMVFQ,0.0
5976,B0002JMVG0,0.0
5977,B0002JMW82,0.0
5978,B0002JMXMC,0.0
5979,B0002JMY94,0.0
5980,B0002JMZ7A,0.0
5981,B0002JMZIE,0.0
5982,B0002JN0GU,0.0
5983,B0002JNRCC,0.0
5984,B0002JNRCM,0.0
5985,B0002JRDMW,0.0
5986,B0002JSQKA,0.0
5987,B0002JTABE,0.0
5988,B0002JTC2G,0.0
5989,B0002JTCPS,0.0
5990,B0002JTEHE,0.0
5991,B0002JUWWU,0.0
5992,B0002JV1A2,0.0
5993,B0002JV4KO,0.0
5994,B0002JV4PO,0.0
5995,B0002JV4QS,0.0
5996,B0002JV51C,0.0
5997,B0002JV5DU,0.0
5998,B0002JV5JY,0.0
5999,B0002JV5PS,0.0
6000,B0002JV5W6,0.0
6001,B0002JV76U,0.0
6002,B0002JVHHE,0.0
6003,B0002JVILE,0.0
6004,B0002JVIX2,0.0
6005,B0002JVJI6,0.0
6006,B0002JVKKS,0.0
6007,B0002JVML0,0.0
6008,B0002JVN9Q,0.0
6009,B0002JVNSC,0.0
6010,B0002JVPO4,0.0
6011,B0002JVRI8,0.0
6012,B0002JVWEM,0.0
6013,B0002JVWOW,0.0
6014,B0002KAICI,0.0
6015,B0002KAIDM,0.0
6016,B0002KAIPA,0.0
6017,B0002KAIQ4,0.0
6018,B0002KAIQO,0.0
6019,B0002KAIRI,0.0
6020,B0002KAISC,0.0
6021,B0002KAISW,0.0
6022,B0002KAJ5Y,0.0
6023,B0002KAJ86,0.0
6024,B0002KHAX8,0.0
6025,B0002KHAZQ,0.0
6026,B0002KHUME,0.0
6027,B0002KIWT4,0.0
6028,B0002KIWTO,0.0
6029,B0002KIWUI,0.0
6030,B0002KIX2U,0.0
6031,B0002KIXCK,0.0
6032,B0002KIXG6,0.0
6033,B0002KIXH0,0.0
6034,B0002KP5TE,0.0
6035,B0002KP9WC,0.0
6036,B0002KQFDO,0.0
6037,B0002KQFE8,0.0
6038,B0002KQFEI,0.0
6039,B0002KQHF0,0.0
6040,B0002KQHGO,0.0
6041,B0002KS2VW,0.0
6042,B0002KS2XU,0.0
6043,B0002KS5FU,0.0
6044,B0002KS5GY,0.0
6045,B0002KS5I2,0.0
6046,B0002KS5J6,0.0
6047,B0002KS5QY,0.0
6048,B0002KS5S2,0.0
6049,B0002KS5VE,-0.002242800879241
6050,B0002KU742,0.0
6051,B0002KWSOE,0.0
6052,B0002KZMD8,0.0
6053,B0002L11JG,0.0
6054,B0002L11K0,0.0
6055,B0002L2JLA,0.0
6056,B0002L2JLU,0.0
6057,B0002L2JT2,0.0
6058,B0002L2JY2,0.0
6059,B0002L32MK,0.0
6060,B0002L992C,0.0
6061,B0002LASRW,0.0
6062,B0002LD82O,0.0
6063,B0002LDLDK,0.0
6064,B0002LDLDU,0.0
6065,B0002LDLE4,0.0
6066,B0002LDLEO,0.0
6067,B0002LDLEY,0.0
6068,B0002LJ1DE,0.0
6069,B0002LJ1HU,0.0
6070,B0002LJPOE,0.0
6071,B0002LJUXU,0.0
6072,B0002LJUZI,0.0
6073,B0002LJXOQ,0.0
6074,B0002LJXP0,0.0
6075,B0002LJXPK,0.0
6076,B0002LK0Z2,0.0
6077,B0002LK106,0.0
6078,B0002LK3XG,0.0
6079,B0002LK6TC,0.0
6080,B0002LN55O,0.0
6081,B0002M5N1M,0.0
6082,B0002M656Y,0.0
6083,B0002M6578,0.0
6084,B0002M657I,0.0
6085,B0002M657S,0.0
6086,B0002M6ZLY,0.0
6087,B0002M80KS,0.0
6088,B0002M9LP6,0.0
6089,B0002M9OYY,0.0
6090,B0002MES86,0.0
6091,B0002MIR42,0.0
6092,B0002MJCBY,0.0
6093,B0002MJCCI,0.0
6094,B0002MJCD2,0.0
6095,B0002MJCDM,0.0
6096,B0002MJCDW,0.0
6097,B0002MJCE6,0.0
6098,B0002ML8CA,0.0
6099,B0002MLAFK,0.0
6100,B0002MLAG4,0.0
6101,B0002MNE0O,0.0
6102,B0002MNXSC,0.0
6103,B0002MPQS2,0.0
6104,B0002MPS7G,0.0
6105,B0002MSGXE,0.0
6106,B0002NIAC0,0.0
6107,B0002NIACK,0.0
6108,B0002NRRCY,0.0
6109,B0002NUTC4,0.0
6110,B0002NUTD8,0.0
6111,B0002NXRM8,0.0
6112,B0002O2EA8,0.0
6113,B0002OCMXW,0.0
6114,B0002OCNJA,0.0
6115,B0002OCNMC,0.0
6116,B0002OCO62,0.0
6117,B0002OCO8A,0.0
6118,B0002OCOQC,0.0
6119,B0002OCOQM,0.0
6120,B0002OCPAC,0.0
6121,B0002OCPCA,0.0
6122,B0002OCQ4W,0.0
6123,B0002OCQ74,0.0
6124,B0002OCQVK,0.0
6125,B0002OCW4G,0.0
6126,B0002OMOIA,0.0
6127,B0002ONF56,0.0
6128,B0002ONFCY,0.0
6129,B0002ONG6Y,0.0
6130,B0002OSCR2,0.0
6131,B0002OSDG2,0.0
6132,B0002OSDWG,0.0
6133,B0002OSDZI,0.0
6134,B0002OTGEU,0.0
6135,B0002OTHBW,0.0
6136,B0002OTI98,0.0
6137,B0002OZBCQ,0.0
6138,B0002PCH2M,0.0
6139,B0002PEXYM,0.0
6140,B0002PEYOG,0.0
6141,B0002PF2SS,0.0
6142,B0002PF3RI,0.0
6143,B0002PF5DK,0.0
6144,B0002PF5P8,0.0
6145,B0002PFBN4,0.0
6146,B0002PFHCO,0.0
6147,B0002POG3K,0.0
6148,B0002PRYCK,0.0
6149,B0002PRZS8,0.0
6150,B0002PSE1A,0.0
6151,B0002PU6XY,0.0
6152,B0002PU7JM,0.0
6153,B0002PU7KQ,0.0
6154,B0002PU85K,0.0
6155,B0002PU864,0.0
6156,B0002PU8K0,0.0
6157,B0002Q0BJM,0.0
6158,B0002Q2O1U,0.0
6159,B0002Q2PHS,0.0
6160,B0002Q2PI2,0.0
6161,B0002Q7GJ0,0.0
6162,B0002Q8W9I,0.0
6163,B0002Q8WA2,0.0
6164,B0002Q9ACQ,0.0
6165,B0002Q9WSS,0.0
6166,B0002Q9YYA,0.0
6167,B0002Q9YYK,0.0
6168,B0002QB1JG,0.0
6169,B0002QB1SC,-0.002242800879241
6170,B0002QNNT2,0.0
6171,B0002QPITA,0.0
6172,B0002QPITU,0.0
6173,B0002QPMVO,0.0
6174,B0002QWTWY,0.0
6175,B0002QWTXI,0.0
6176,B0002QYPAI,0.0
6177,B0002RI2F6,0.0
6178,B0002RI2PG,0.0
6179,B0002RPTX4,0.0
6180,B0002RPZRO,0.0
6181,B0002RPZRY,0.0
6182,B0002RSPIU,0.0
6183,B0002RSW2E,0.0
6184,B0002RSW3I,0.0
6185,B0002RTJFS,0.0
6186,B0002RUM9U,0.0
6187,B0002RUMAE,0.0
6188,B0002RUNKI,0.0
6189,B0002RUNXU,0.0
6190,B0002RUNZI,0.0
6191,B0002RUO4S,0.0
6192,B0002RUOJI,0.0
6193,B0002RUOKW,0.0
6194,B0002RUOTI,0.0
6195,B0002RXMUQ,0.0
6196,B0002RYHS2,0.0
6197,B0002RYHTQ,0.0
6198,B0002S94HU,0.0
6199,B0002SA9BU,0.0
6200,B0002SAUKK,0.0
6201,B0002SBEQE,0.0
6202,B0002SDIRM,0.0
6203,B0002SEH4K,0.0
6204,B0002SEHKO,0.0
6205,B0002SFLIQ,0.0
6206,B0002SGKN6,0.0
6207,B0002SGKNG,0.0
6208,B0002SGNOM,0.0
6209,B0002SGOBO,0.0
6210,B0002SGR7K,0.0
6211,B0002SGSNI,0.0
6212,B0002SH5E4,0.0
6213,B0002SH7OC,0.0
6214,B0002SH8D2,0.0
6215,B0002SHKOE,0.0
6216,B0002SHLBG,0.0
6217,B0002SHLXY,0.0
6218,B0002SHLYS,0.0
6219,B0002SI0VQ,0.0
6220,B0002SI250,0.0
6221,B0002SI2XW,0.0
6222,B0002SI7DW,0.0
6223,B0002SIS68,0.0
6224,B0002SISY0,0.0
6225,B0002SIT2G,0.0
6226,B0002SIY4Y,0.0
6227,B0002SKIV6,0.0
6228,B0002SQ5QS,0.0
6229,B0002SQ6YO,0.0
6230,B0002ST5CO,0.0
6231,B0002ST5CY,0.0
6232,B0002SURJO,0.0
6233,B0002SV7QQ,0.0
6234,B0002SV7RA,0.0
6235,B0002SV7S4,0.0
6236,B0002SV7SE,0.0
6237,B0002SV7TI,0.0
6238,B0002SV87Y,0.0
6239,B0002SV888,0.0
6240,B0002SVDQU,0.0
6241,B0002SVDS8,0.0
6242,B0002SVNWE,0.0
6243,B0002SVNXI,0.0
6244,B0002SVNY2,0.0
6245,B0002T2QE2,0.0
6246,B0002T2QO2,0.0
6247,B0002T2R46,0.0
6248,B0002T3FQA,0.0
6249,B0002T49OM,0.0
6250,B0002T4WBC,0.0
6251,B0002T549Q,0.0
6252,B0002T54BE,0.0
6253,B0002T54BY,0.0
6254,B0002T54C8,0.0
6255,B0002T54D2,0.0
6256,B0002T54EG,0.0
6257,B0002T54F0,0.0
6258,B0002T54FU,0.0
6259,B0002T54M8,0.0
6260,B0002T54XC,0.0
6261,B0002T54Y6,0.0
6262,B0002T54ZK,0.0
6263,B0002T58NI,0.0
6264,B0002T58NS,0.0
6265,B0002T58O2,0.0
6266,B0002T58OC,0.0
6267,B0002T58Q0,0.0
6268,B0002T58QA,0.0
6269,B0002T5ZNQ,0.0
6270,B0002T5ZOA,0.0
6271,B0002T7CX2,0.0
6272,B0002TEAFK,0.0
6273,B0002TEAG4,0.0
6274,B0002TEBBS,0.0
6275,B0002TEC58,0.0
6276,B0002TEC5I,0.0
6277,B0002TEC5S,0.0
6278,B0002TEC62,0.0
6279,B0002TEC6C,0.0
6280,B0002TECA8,0.0
6281,B0002TECDU,0.0
6282,B0002TG94A,0.0
6283,B0002TG94U,0.0
6284,B0002TG95E,0.0
6285,B0002TGUOY,0.0
6286,B0002TI9PM,0.0
6287,B0002TLDRI,0.0
6288,B0002TLKDK,0.0
6289,B0002TLWVK,0.0
6290,B0002TMC2I,0.0
6291,B0002TMC2S,0.0
6292,B0002TMC3M,0.0
6293,B0002TR4KI,0.0
6294,B0002TR4OE,0.0
6295,B0002TRE8A,0.0
6296,B0002TSAII,0.0
6297,B0002TSCZY,0.0
6298,B0002TSD08,-0.002242800879241
6299,B0002TSKTC,0.0
6300,B0002TXCS6,0.0
6301,B0002U26SW,0.0
6302,B0002U26T6,0.0
6303,B0002U3PJQ,0.0
6304,B0002U46YE,0.0
6305,B0002U46ZS,0.0
6306,B0002U471G,0.0
6307,B0002U476G,0.0
6308,B0002U47CA,0.0
6309,B0002U4ELE,0.0
6310,B0002UBEI0,0.0
6311,B0002UEDG0,0.0
6312,B0002UEDWE,0.0
6313,B0002UEVCQ,0.0
6314,B0002UEVDA,0.0
6315,B0002UF85U,0.0
6316,B0002UFC4M,0.0
6317,B0002UFC56,0.0
6318,B0002UFKFI,0.0
6319,B0002UJQL2,0.0
6320,B0002UL2SM,0.0
6321,B0002UL2SW,0.0
6322,B0002UL2TG,0.0
6323,B0002UM1G4,0.0
6324,B0002UM1GE,0.0
6325,B0002UNJLA,0.0
6326,B0002UNJLK,0.0
6327,B0002UNJME,0.0
6328,B0002UNJMO,0.0
6329,B0002UOIUQ,0.0
6330,B0002UVWJG,0.0
6331,B0002UVWJQ,0.0
6332,B0002UVWKK,0.0
6333,B0002UW30I,0.0
6334,B0002UW312,0.0
6335,B0002UW3FS,0.0
6336,B0002UW6ZA,0.0
6337,B0002UWCEK,0.0
6338,B0002V30QI,0.0
6339,B0002V3162,0.0
6340,B0002V3194,0.0
6341,B0002V31EO,0.0
6342,B0002V31SU,0.0
6343,B0002V324S,0.0
6344,B0002V43HI,0.0
6345,B0002V4OMM,0.0
6346,B0002V4U2Q,0.0
6347,B0002V4XVY,0.0
6348,B0002V52LO,0.0
6349,B0002V84VY,0.0
6350,B0002VALQK,0.0
6351,B0002VAMJ6,0.0
6352,B0002VAVQA,0.0
6353,B0002VAVQU,0.0
6354,B0002VAZ16,0.0
6355,B0002VAZ1G,0.0
6356,B0002VAZDE,0.0
6357,B0002VAZEI,0.0
6358,B0002VD4TG,0.0
6359,B0002VDYV4,0.0
6360,B0002VE4PO,0.0
6361,B0002VETQS,0.0
6362,B0002VEYW2,0.0
6363,B0002VG6RI,0.0
6364,B0002VGLFU,0.0
6365,B0002VHBTU,0.0
6366,B0002VHKVE,0.0
6367,B0002VHMZS,0.0
6368,B0002VHOBK,0.0
6369,B0002VHPPA,0.0
6370,B0002VHQBS,0.0
6371,B0002VHQEU,0.0
6372,B0002VJ32S,0.0
6373,B0002VJ78S,0.0
6374,B0002VJIH8,0.0
6375,B0002VJTGS,0.0
6376,B0002VNKPO,0.0
6377,B0002VNKPY,0.0
6378,B0002VNKQS,0.0
6379,B0002VNKRM,0.0
6380,B0002VNKSG,0.0
6381,B0002VNLG2,0.0
6382,B0002VNZS6,0.0
6383,B0002VQ0WO,0.0
